x upper lower
0 1.12 -1.12
0.0025 1.14356 -1.14356
0.005 1.16711 -1.16711
0.0075 1.19063 -1.19063
0.01 1.21412 -1.21412
0.0125 1.23757 -1.23757
0.015 1.26095 -1.26095
0.0175 1.28427 -1.28427
0.02 1.30751 -1.30751
0.0225 1.33065 -1.33065
0.025 1.35369 -1.35369
0.0275 1.37661 -1.37661
0.03 1.39941 -1.39941
0.0325 1.42207 -1.42207
0.035 1.44459 -1.44459
0.0375 1.46694 -1.46694
0.04 1.48913 -1.48913
0.0425 1.51113 -1.51113
0.045 1.53295 -1.53295
0.0475 1.55456 -1.55456
0.05 1.57596 -1.57596
0.0525 1.59714 -1.59714
0.055 1.61809 -1.61809
0.0575 1.6388 -1.6388
0.06 1.65926 -1.65926
0.0625 1.67946 -1.67946
0.065 1.69939 -1.69939
0.0675 1.71904 -1.71904
0.07 1.73841 -1.73841
0.0725 1.75748 -1.75748
0.075 1.77624 -1.77624
0.0775 1.7947 -1.7947
0.08 1.81284 -1.81284
0.0825 1.83064 -1.83064
0.085 1.84812 -1.84812
0.0875 1.86525 -1.86525
0.09 1.88203 -1.88203
0.0925 1.89846 -1.89846
0.095 1.91453 -1.91453
0.0975 1.93023 -1.93023
0.1 1.94555 -1.94555
0.1025 1.96049 -1.96049
0.105 1.97505 -1.97505
0.1075 1.98922 -1.98922
0.11 2.003 -2.003
0.1125 2.01637 -2.01637
0.115 2.02934 -2.02934
0.1175 2.0419 -2.0419
0.12 2.05405 -2.05405
0.1225 2.06579 -2.06579
0.125 2.07711 -2.07711
0.1275 2.088 -2.088
0.13 2.09848 -2.09848
0.1325 2.10852 -2.10852
0.135 2.11814 -2.11814
0.1375 2.12733 -2.12733
0.14 2.13609 -2.13609
0.1425 2.14441 -2.14441
0.145 2.1523 -2.1523
0.1475 2.15976 -2.15976
0.15 2.16678 -2.16678
0.1525 2.17337 -2.17337
0.155 2.17952 -2.17952
0.1575 2.18525 -2.18525
0.16 2.19053 -2.19053
0.1625 2.19539 -2.19539
0.165 2.19982 -2.19982
0.1675 2.20382 -2.20382
0.17 2.20739 -2.20739
0.1725 2.21054 -2.21054
0.175 2.21326 -2.21326
0.1775 2.21557 -2.21557
0.18 2.21746 -2.21746
0.1825 2.21893 -2.21893
0.185 2.22 -2.22
0.1875 2.22066 -2.22066
0.19 2.22091 -2.22091
0.1925 2.22077 -2.22077
0.195 2.22024 -2.22024
0.1975 2.21931 -2.21931
0.2 2.218 -2.218
0.2025 2.21631 -2.21631
0.205 2.21425 -2.21425
0.2075 2.21182 -2.21182
0.21 2.20902 -2.20902
0.2125 2.20587 -2.20587
0.215 2.20236 -2.20236
0.2175 2.19851 -2.19851
0.22 2.19432 -2.19432
0.2225 2.18979 -2.18979
0.225 2.18494 -2.18494
0.2275 2.17977 -2.17977
0.23 2.17429 -2.17429
0.2325 2.1685 -2.1685
0.235 2.16241 -2.16241
0.2375 2.15603 -2.15603
0.24 2.14936 -2.14936
0.2425 2.14242 -2.14242
0.245 2.1352 -2.1352
0.2475 2.12773 -2.12773
0.25 2.12 -2.12
0.2525 2.11202 -2.11202
0.255 2.10381 -2.10381
0.2575 2.09536 -2.09536
0.26 2.08669 -2.08669
0.2625 2.07781 -2.07781
0.265 2.06872 -2.06872
0.2675 2.05943 -2.05943
0.27 2.04994 -2.04994
0.2725 2.04028 -2.04028
0.275 2.03043 -2.03043
0.2775 2.02042 -2.02042
0.28 2.01026 -2.01026
0.2825 1.99994 -1.99994
0.285 1.98947 -1.98947
0.2875 1.97887 -1.97887
0.29 1.96814 -1.96814
0.2925 1.9573 -1.9573
0.295 1.94634 -1.94634
0.2975 1.93527 -1.93527
0.3 1.92411 -1.92411
0.3025 1.91286 -1.91286
0.305 1.90152 -1.90152
0.3075 1.89012 -1.89012
0.31 1.87864 -1.87864
0.3125 1.8671 -1.8671
0.315 1.85551 -1.85551
0.3175 1.84388 -1.84388
0.32 1.8322 -1.8322
0.3225 1.82049 -1.82049
0.325 1.80875 -1.80875
0.3275 1.797 -1.797
0.33 1.78522 -1.78522
0.3325 1.77345 -1.77345
0.335 1.76167 -1.76167
0.3375 1.74989 -1.74989
0.34 1.73812 -1.73812
0.3425 1.72637 -1.72637
0.345 1.71464 -1.71464
0.3475 1.70293 -1.70293
0.35 1.69125 -1.69125
0.3525 1.67961 -1.67961
0.355 1.66801 -1.66801
0.3575 1.65645 -1.65645
0.36 1.64494 -1.64494
0.3625 1.63348 -1.63348
0.365 1.62208 -1.62208
0.3675 1.61074 -1.61074
0.37 1.59946 -1.59946
0.3725 1.58825 -1.58825
0.375 1.57711 -1.57711
0.3775 1.56604 -1.56604
0.38 1.55504 -1.55504
0.3825 1.54412 -1.54412
0.385 1.53328 -1.53328
0.3875 1.52253 -1.52253
0.39 1.51185 -1.51185
0.3925 1.50126 -1.50126
0.395 1.49076 -1.49076
0.3975 1.48035 -1.48035
0.4 1.47002 -1.47002
0.4025 1.45979 -1.45979
0.405 1.44964 -1.44964
0.4075 1.43958 -1.43958
0.41 1.42962 -1.42962
0.4125 1.41975 -1.41975
0.415 1.40996 -1.40996
0.4175 1.40027 -1.40027
0.42 1.39067 -1.39067
0.4225 1.38116 -1.38116
0.425 1.37174 -1.37174
0.4275 1.3624 -1.3624
0.43 1.35315 -1.35315
0.4325 1.34399 -1.34399
0.435 1.33491 -1.33491
0.4375 1.32591 -1.32591
0.44 1.31699 -1.31699
0.4425 1.30815 -1.30815
0.445 1.29938 -1.29938
0.4475 1.29069 -1.29069
0.45 1.28207 -1.28207
0.4525 1.27352 -1.27352
0.455 1.26503 -1.26503
0.4575 1.25661 -1.25661
0.46 1.24825 -1.24825
0.4625 1.23995 -1.23995
0.465 1.2317 -1.2317
0.4675 1.2235 -1.2235
0.47 1.21535 -1.21535
0.4725 1.20724 -1.20724
0.475 1.19918 -1.19918
0.4775 1.19115 -1.19115
0.48 1.18316 -1.18316
0.4825 1.1752 -1.1752
0.485 1.16726 -1.16726
0.4875 1.15935 -1.15935
0.49 1.15146 -1.15146
0.4925 1.14358 -1.14358
0.495 1.13571 -1.13571
0.4975 1.12785 -1.12785
0.5 1.12 -1.12
0.5025 1.11215 -1.11215
0.505 1.10429 -1.10429
0.5075 1.09642 -1.09642
0.51 1.08854 -1.08854
0.5125 1.08065 -1.08065
0.515 1.07274 -1.07274
0.5175 1.0648 -1.0648
0.52 1.05684 -1.05684
0.5225 1.04885 -1.04885
0.525 1.04082 -1.04082
0.5275 1.03276 -1.03276
0.53 1.02465 -1.02465
0.5325 1.0165 -1.0165
0.535 1.0083 -1.0083
0.5375 1.00005 -1.00005
0.54 0.991749 -0.991749
0.5425 0.983387 -0.983387
0.545 0.974966 -0.974966
0.5475 0.966481 -0.966481
0.55 0.957929 -0.957929
0.5525 0.949309 -0.949309
0.555 0.940618 -0.940618
0.5575 0.931853 -0.931853
0.56 0.923012 -0.923012
0.5625 0.914093 -0.914093
0.565 0.905094 -0.905094
0.5675 0.896013 -0.896013
0.57 0.886849 -0.886849
0.5725 0.8776 -0.8776
0.575 0.868264 -0.868264
0.5775 0.85884 -0.85884
0.58 0.849328 -0.849328
0.5825 0.839727 -0.839727
0.585 0.830035 -0.830035
0.5875 0.820253 -0.820253
0.59 0.81038 -0.81038
0.5925 0.800416 -0.800416
0.595 0.790361 -0.790361
0.5975 0.780215 -0.780215
0.6 0.769979 -0.769979
0.6025 0.759653 -0.759653
0.605 0.749239 -0.749239
0.6075 0.738737 -0.738737
0.61 0.728148 -0.728148
0.6125 0.717474 -0.717474
0.615 0.706717 -0.706717
0.6175 0.695878 -0.695878
0.62 0.68496 -0.68496
0.6225 0.673964 -0.673964
0.625 0.662893 -0.662893
0.6275 0.65175 -0.65175
0.63 0.640538 -0.640538
0.6325 0.629259 -0.629259
0.635 0.617918 -0.617918
0.6375 0.606516 -0.606516
0.64 0.595059 -0.595059
0.6425 0.583549 -0.583549
0.645 0.571991 -0.571991
0.6475 0.560389 -0.560389
0.65 0.548747 -0.548747
0.6525 0.53707 -0.53707
0.655 0.525364 -0.525364
0.6575 0.513631 -0.513631
0.66 0.501879 -0.501879
0.6625 0.490111 -0.490111
0.665 0.478335 -0.478335
0.6675 0.466554 -0.466554
0.67 0.454775 -0.454775
0.6725 0.443005 -0.443005
0.675 0.431248 -0.431248
0.6775 0.419511 -0.419511
0.68 0.407801 -0.407801
0.6825 0.396124 -0.396124
0.685 0.384488 -0.384488
0.6875 0.372897 -0.372897
0.69 0.36136 -0.36136
0.6925 0.349884 -0.349884
0.695 0.338475 -0.338475
0.6975 0.327141 -0.327141
0.7 0.31589 -0.31589
0.7025 0.304728 -0.304728
0.705 0.293663 -0.293663
0.7075 0.282703 -0.282703
0.71 0.271855 -0.271855
0.7125 0.261128 -0.261128
0.715 0.250528 -0.250528
0.7175 0.240064 -0.240064
0.72 0.229744 -0.229744
0.7225 0.219575 -0.219575
0.725 0.209566 -0.209566
0.7275 0.199724 -0.199724
0.73 0.190058 -0.190058
0.7325 0.180575 -0.180575
0.735 0.171283 -0.171283
0.7375 0.162191 -0.162191
0.74 0.153307 -0.153307
0.7425 0.144637 -0.144637
0.745 0.136191 -0.136191
0.7475 0.127976 -0.127976
0.75 0.12 -0.12
0.7525 0.112271 -0.112271
0.755 0.104796 -0.104796
0.7575 0.097583 -0.097583
0.76 0.09064 -0.09064
0.7625 0.0839741 -0.0839741
0.765 0.0775927 -0.0775927
0.7675 0.0715032 -0.0715032
0.77 0.0657128 -0.0657128
0.7725 0.0602286 -0.0602286
0.775 0.0550574 -0.0550574
0.7775 0.0502062 -0.0502062
0.78 0.0456816 -0.0456816
0.7825 0.0414902 -0.0414902
0.785 0.0376384 -0.0376384
0.7875 0.0341325 -0.0341325
0.79 0.0309784 -0.0309784
0.7925 0.0281822 -0.0281822
0.795 0.0257496 -0.0257496
0.7975 0.0236861 -0.0236861
0.8 0.0219972 -0.0219972
0.8025 0.0206879 -0.0206879
0.805 0.0197632 -0.0197632
0.8075 0.019228 -0.019228
0.81 0.0190867 -0.0190867
0.8125 0.0193438 -0.0193438
0.815 0.0200032 -0.0200032
0.8175 0.021069 -0.021069
0.82 0.0225446 -0.0225446
0.8225 0.0244337 -0.0244337
0.825 0.0267392 -0.0267392
0.8275 0.0294642 -0.0294642
0.83 0.0326113 -0.0326113
0.8325 0.036183 -0.036183
0.835 0.0401813 -0.0401813
0.8375 0.0446082 -0.0446082
0.84 0.0494653 -0.0494653
0.8425 0.054754 -0.054754
0.845 0.0604753 -0.0604753
0.8475 0.0666301 -0.0666301
0.85 0.0732189 -0.0732189
0.8525 0.0802419 -0.0802419
0.855 0.0876992 -0.0876992
0.8575 0.0955904 -0.0955904
0.86 0.103915 -0.103915
0.8625 0.112672 -0.112672
0.865 0.12186 -0.12186
0.8675 0.131478 -0.131478
0.87 0.141525 -0.141525
0.8725 0.151997 -0.151997
0.875 0.162893 -0.162893
0.8775 0.174211 -0.174211
0.88 0.185946 -0.185946
0.8825 0.198097 -0.198097
0.885 0.210659 -0.210659
0.8875 0.22363 -0.22363
0.89 0.237004 -0.237004
0.8925 0.250778 -0.250778
0.895 0.264947 -0.264947
0.8975 0.279506 -0.279506
0.9 0.294451 -0.294451
0.9025 0.309775 -0.309775
0.905 0.325473 -0.325473
0.9075 0.341539 -0.341539
0.91 0.357966 -0.357966
0.9125 0.37475 -0.37475
0.915 0.391882 -0.391882
0.9175 0.409356 -0.409356
0.92 0.427164 -0.427164
0.9225 0.4453 -0.4453
0.925 0.463755 -0.463755
0.9275 0.482522 -0.482522
0.93 0.501592 -0.501592
0.9325 0.520958 -0.520958
0.935 0.54061 -0.54061
0.9375 0.56054 -0.56054
0.94 0.580739 -0.580739
0.9425 0.601197 -0.601197
0.945 0.621906 -0.621906
0.9475 0.642856 -0.642856
0.95 0.664037 -0.664037
0.9525 0.685439 -0.685439
0.955 0.707052 -0.707052
0.9575 0.728867 -0.728867
0.96 0.750872 -0.750872
0.9625 0.773057 -0.773057
0.965 0.795412 -0.795412
0.9675 0.817926 -0.817926
0.97 0.840588 -0.840588
0.9725 0.863386 -0.863386
0.975 0.886311 -0.886311
0.9775 0.909351 -0.909351
0.98 0.932494 -0.932494
0.9825 0.95573 -0.95573
0.985 0.979046 -0.979046
0.9875 1.00243 -1.00243
0.99 1.02588 -1.02588
0.9925 1.04937 -1.04937
0.995 1.07289 -1.07289
0.9975 1.09644 -1.09644
1 1.12 -1.12
