# P(phi|x) [1/rad]: each x column normalized over phi. blank line separates x scans (for surf)
x phi p
0.0050 0.08727 0.05934
0.0050 0.26180 0.09153
0.0050 0.43633 0.14544
0.0050 0.61087 0.20853
0.0050 0.78540 0.29295
0.0050 0.95993 0.38577
0.0050 1.13446 0.46735
0.0050 1.30900 0.52979
0.0050 1.48353 0.55448
0.0050 1.65806 0.56043
0.0050 1.83260 0.54181
0.0050 2.00713 0.49217
0.0050 2.18166 0.39547
0.0050 2.35619 0.29463
0.0050 2.53073 0.21706
0.0050 2.70526 0.15733
0.0050 2.87979 0.09696
0.0050 3.05433 0.05973
0.0050 3.22886 0.04021
0.0050 3.40339 0.02262
0.0050 3.57792 0.01112
0.0050 3.75246 0.00737
0.0050 3.92699 0.00349
0.0050 4.10152 0.00233
0.0050 4.27606 0.00194
0.0050 4.45059 0.00207
0.0050 4.62512 0.00129
0.0050 4.79966 0.00194
0.0050 4.97419 0.00168
0.0050 5.14872 0.00220
0.0050 5.32325 0.00233
0.0050 5.49779 0.00362
0.0050 5.67232 0.00737
0.0050 5.84685 0.01267
0.0050 6.02139 0.02068
0.0050 6.19592 0.03387

0.0150 0.08727 0.05743
0.0150 0.26180 0.09295
0.0150 0.43633 0.14515
0.0150 0.61087 0.21656
0.0150 0.78540 0.29565
0.0150 0.95993 0.37984
0.0150 1.13446 0.44992
0.0150 1.30900 0.53168
0.0150 1.48353 0.58716
0.0150 1.65806 0.57511
0.0150 1.83260 0.52827
0.0150 2.00713 0.46926
0.0150 2.18166 0.38203
0.0150 2.35619 0.30647
0.0150 2.53073 0.22301
0.0150 2.70526 0.14685
0.0150 2.87979 0.09685
0.0150 3.05433 0.05779
0.0150 3.22886 0.03808
0.0150 3.40339 0.02299
0.0150 3.57792 0.01350
0.0150 3.75246 0.00900
0.0150 3.92699 0.00450
0.0150 4.10152 0.00341
0.0150 4.27606 0.00170
0.0150 4.45059 0.00255
0.0150 4.62512 0.00170
0.0150 4.79966 0.00158
0.0150 4.97419 0.00170
0.0150 5.14872 0.00365
0.0150 5.32325 0.00389
0.0150 5.49779 0.00572
0.0150 5.67232 0.00815
0.0150 5.84685 0.01229
0.0150 6.02139 0.01971
0.0150 6.19592 0.03346

0.0250 0.08727 0.06179
0.0250 0.26180 0.09496
0.0250 0.43633 0.15082
0.0250 0.61087 0.22104
0.0250 0.78540 0.30985
0.0250 0.95993 0.39763
0.0250 1.13446 0.46067
0.0250 1.30900 0.52348
0.0250 1.48353 0.56190
0.0250 1.65806 0.56304
0.0250 1.83260 0.52793
0.0250 2.00713 0.48073
0.0250 2.18166 0.38475
0.0250 2.35619 0.30232
0.0250 2.53073 0.20953
0.0250 2.70526 0.13874
0.0250 2.87979 0.09827
0.0250 3.05433 0.06019
0.0250 3.22886 0.03568
0.0250 3.40339 0.02018
0.0250 3.57792 0.01334
0.0250 3.75246 0.00752
0.0250 3.92699 0.00490
0.0250 4.10152 0.00388
0.0250 4.27606 0.00217
0.0250 4.45059 0.00205
0.0250 4.62512 0.00217
0.0250 4.79966 0.00182
0.0250 4.97419 0.00194
0.0250 5.14872 0.00194
0.0250 5.32325 0.00353
0.0250 5.49779 0.00616
0.0250 5.67232 0.00809
0.0250 5.84685 0.01049
0.0250 6.02139 0.02166
0.0250 6.19592 0.03443

0.0350 0.08727 0.06260
0.0350 0.26180 0.09695
0.0350 0.43633 0.15238
0.0350 0.61087 0.21445
0.0350 0.78540 0.29802
0.0350 0.95993 0.39540
0.0350 1.13446 0.46632
0.0350 1.30900 0.52260
0.0350 1.48353 0.55410
0.0350 1.65806 0.57023
0.0350 1.83260 0.54588
0.0350 2.00713 0.47349
0.0350 2.18166 0.38570
0.0350 2.35619 0.29918
0.0350 2.53073 0.21488
0.0350 2.70526 0.15312
0.0350 2.87979 0.09853
0.0350 3.05433 0.05596
0.0350 3.22886 0.03541
0.0350 3.40339 0.02076
0.0350 3.57792 0.01212
0.0350 3.75246 0.00580
0.0350 3.92699 0.00548
0.0350 4.10152 0.00274
0.0350 4.27606 0.00148
0.0350 4.45059 0.00179
0.0350 4.62512 0.00063
0.0350 4.79966 0.00169
0.0350 4.97419 0.00148
0.0350 5.14872 0.00263
0.0350 5.32325 0.00316
0.0350 5.49779 0.00443
0.0350 5.67232 0.00664
0.0350 5.84685 0.01128
0.0350 6.02139 0.01865
0.0350 6.19592 0.03362

0.0450 0.08727 0.06594
0.0450 0.26180 0.10548
0.0450 0.43633 0.14318
0.0450 0.61087 0.22402
0.0450 0.78540 0.29483
0.0450 0.95993 0.38434
0.0450 1.13446 0.45816
0.0450 1.30900 0.52040
0.0450 1.48353 0.56384
0.0450 1.65806 0.57933
0.0450 1.83260 0.53637
0.0450 2.00713 0.46907
0.0450 2.18166 0.38210
0.0450 2.35619 0.30466
0.0450 2.53073 0.21340
0.0450 2.70526 0.15087
0.0450 2.87979 0.09905
0.0450 3.05433 0.05717
0.0450 3.22886 0.03594
0.0450 3.40339 0.01860
0.0450 3.57792 0.01149
0.0450 3.75246 0.00604
0.0450 3.92699 0.00409
0.0450 4.10152 0.00360
0.0450 4.27606 0.00175
0.0450 4.45059 0.00302
0.0450 4.62512 0.00127
0.0450 4.79966 0.00146
0.0450 4.97419 0.00234
0.0450 5.14872 0.00224
0.0450 5.32325 0.00292
0.0450 5.49779 0.00468
0.0450 5.67232 0.00799
0.0450 5.84685 0.01198
0.0450 6.02139 0.02172
0.0450 6.19592 0.03623

0.0550 0.08727 0.05744
0.0550 0.26180 0.09870
0.0550 0.43633 0.15084
0.0550 0.61087 0.21286
0.0550 0.78540 0.29915
0.0550 0.95993 0.37610
0.0550 1.13446 0.47165
0.0550 1.30900 0.53107
0.0550 1.48353 0.56649
0.0550 1.65806 0.58051
0.0550 1.83260 0.52873
0.0550 2.00713 0.47273
0.0550 2.18166 0.39264
0.0550 2.35619 0.29358
0.0550 2.53073 0.22419
0.0550 2.70526 0.14652
0.0550 2.87979 0.09358
0.0550 3.05433 0.06041
0.0550 3.22886 0.03407
0.0550 3.40339 0.01942
0.0550 3.57792 0.01115
0.0550 3.75246 0.00620
0.0550 3.92699 0.00494
0.0550 4.10152 0.00279
0.0550 4.27606 0.00261
0.0550 4.45059 0.00153
0.0550 4.62512 0.00216
0.0550 4.79966 0.00135
0.0550 4.97419 0.00153
0.0550 5.14872 0.00189
0.0550 5.32325 0.00351
0.0550 5.49779 0.00378
0.0550 5.67232 0.00674
0.0550 5.84685 0.01178
0.0550 6.02139 0.02157
0.0550 6.19592 0.03542

0.0650 0.08727 0.05573
0.0650 0.26180 0.09491
0.0650 0.43633 0.15105
0.0650 0.61087 0.21904
0.0650 0.78540 0.30474
0.0650 0.95993 0.37800
0.0650 1.13446 0.47777
0.0650 1.30900 0.54337
0.0650 1.48353 0.57704
0.0650 1.65806 0.56733
0.0650 1.83260 0.53835
0.0650 2.00713 0.47390
0.0650 2.18166 0.38113
0.0650 2.35619 0.28943
0.0650 2.53073 0.21139
0.0650 2.70526 0.14002
0.0650 2.87979 0.09269
0.0650 3.05433 0.05630
0.0650 3.22886 0.03301
0.0650 3.40339 0.01836
0.0650 3.57792 0.01251
0.0650 3.75246 0.00667
0.0650 3.92699 0.00445
0.0650 4.10152 0.00379
0.0650 4.27606 0.00222
0.0650 4.45059 0.00165
0.0650 4.62512 0.00222
0.0650 4.79966 0.00247
0.0650 4.97419 0.00222
0.0650 5.14872 0.00280
0.0650 5.32325 0.00239
0.0650 5.49779 0.00535
0.0650 5.67232 0.00683
0.0650 5.84685 0.01317
0.0650 6.02139 0.02198
0.0650 6.19592 0.03531

0.0750 0.08727 0.05946
0.0750 0.26180 0.09326
0.0750 0.43633 0.14621
0.0750 0.61087 0.21928
0.0750 0.78540 0.30304
0.0750 0.95993 0.37678
0.0750 1.13446 0.47968
0.0750 1.30900 0.53966
0.0750 1.48353 0.57115
0.0750 1.65806 0.56928
0.0750 1.83260 0.53592
0.0750 2.00713 0.47796
0.0750 2.18166 0.38134
0.0750 2.35619 0.29683
0.0750 2.53073 0.21299
0.0750 2.70526 0.14516
0.0750 2.87979 0.09214
0.0750 3.05433 0.05901
0.0750 3.22886 0.03373
0.0750 3.40339 0.01802
0.0750 3.57792 0.01077
0.0750 3.75246 0.00546
0.0750 3.92699 0.00419
0.0750 4.10152 0.00292
0.0750 4.27606 0.00224
0.0750 4.45059 0.00172
0.0750 4.62512 0.00187
0.0750 4.79966 0.00224
0.0750 4.97419 0.00209
0.0750 5.14872 0.00194
0.0750 5.32325 0.00224
0.0750 5.49779 0.00449
0.0750 5.67232 0.00673
0.0750 5.84685 0.01204
0.0750 6.02139 0.02244
0.0750 6.19592 0.03530

0.0850 0.08727 0.05986
0.0850 0.26180 0.10020
0.0850 0.43633 0.14570
0.0850 0.61087 0.21026
0.0850 0.78540 0.29814
0.0850 0.95993 0.39031
0.0850 1.13446 0.47180
0.0850 1.30900 0.54173
0.0850 1.48353 0.57220
0.0850 1.65806 0.56445
0.0850 1.83260 0.53003
0.0850 2.00713 0.47309
0.0850 2.18166 0.39194
0.0850 2.35619 0.29957
0.0850 2.53073 0.21284
0.0850 2.70526 0.14774
0.0850 2.87979 0.09115
0.0850 3.05433 0.05748
0.0850 3.22886 0.03204
0.0850 3.40339 0.01979
0.0850 3.57792 0.01245
0.0850 3.75246 0.00701
0.0850 3.92699 0.00374
0.0850 4.10152 0.00286
0.0850 4.27606 0.00150
0.0850 4.45059 0.00150
0.0850 4.62512 0.00197
0.0850 4.79966 0.00177
0.0850 4.97419 0.00170
0.0850 5.14872 0.00163
0.0850 5.32325 0.00333
0.0850 5.49779 0.00531
0.0850 5.67232 0.00837
0.0850 5.84685 0.01184
0.0850 6.02139 0.01952
0.0850 6.19592 0.03476

0.0950 0.08727 0.05858
0.0950 0.26180 0.09481
0.0950 0.43633 0.14884
0.0950 0.61087 0.21196
0.0950 0.78540 0.30081
0.0950 0.95993 0.38629
0.0950 1.13446 0.46095
0.0950 1.30900 0.53654
0.0950 1.48353 0.56515
0.0950 1.65806 0.58235
0.0950 1.83260 0.52954
0.0950 2.00713 0.47612
0.0950 2.18166 0.38395
0.0950 2.35619 0.29461
0.0950 2.53073 0.21325
0.0950 2.70526 0.15007
0.0950 2.87979 0.09751
0.0950 3.05433 0.06030
0.0950 3.22886 0.03942
0.0950 3.40339 0.02020
0.0950 3.57792 0.01234
0.0950 3.75246 0.00817
0.0950 3.92699 0.00454
0.0950 4.10152 0.00258
0.0950 4.27606 0.00209
0.0950 4.45059 0.00160
0.0950 4.62512 0.00104
0.0950 4.79966 0.00221
0.0950 4.97419 0.00166
0.0950 5.14872 0.00221
0.0950 5.32325 0.00313
0.0950 5.49779 0.00461
0.0950 5.67232 0.00694
0.0950 5.84685 0.01099
0.0950 6.02139 0.02008
0.0950 6.19592 0.03414

0.1050 0.08727 0.06306
0.1050 0.26180 0.09690
0.1050 0.43633 0.15181
0.1050 0.61087 0.21320
0.1050 0.78540 0.30441
0.1050 0.95993 0.39327
0.1050 1.13446 0.46926
0.1050 1.30900 0.52546
0.1050 1.48353 0.57051
0.1050 1.65806 0.55824
0.1050 1.83260 0.53366
0.1050 2.00713 0.46926
0.1050 2.18166 0.38369
0.1050 2.35619 0.29972
0.1050 2.53073 0.21604
0.1050 2.70526 0.14668
0.1050 2.87979 0.09483
0.1050 3.05433 0.05843
0.1050 3.22886 0.03602
0.1050 3.40339 0.02113
0.1050 3.57792 0.01344
0.1050 3.75246 0.00652
0.1050 3.92699 0.00496
0.1050 4.10152 0.00407
0.1050 4.27606 0.00217
0.1050 4.45059 0.00217
0.1050 4.62512 0.00151
0.1050 4.79966 0.00145
0.1050 4.97419 0.00173
0.1050 5.14872 0.00223
0.1050 5.32325 0.00290
0.1050 5.49779 0.00524
0.1050 5.67232 0.00714
0.1050 5.84685 0.01271
0.1050 6.02139 0.02007
0.1050 6.19592 0.03568

0.1150 0.08727 0.05953
0.1150 0.26180 0.09692
0.1150 0.43633 0.15119
0.1150 0.61087 0.21549
0.1150 0.78540 0.29826
0.1150 0.95993 0.38615
0.1150 1.13446 0.47070
0.1150 1.30900 0.54474
0.1150 1.48353 0.56554
0.1150 1.65806 0.56852
0.1150 1.83260 0.53446
0.1150 2.00713 0.46241
0.1150 2.18166 0.37954
0.1150 2.35619 0.29558
0.1150 2.53073 0.21698
0.1150 2.70526 0.14732
0.1150 2.87979 0.09245
0.1150 3.05433 0.06172
0.1150 3.22886 0.03347
0.1150 3.40339 0.01931
0.1150 3.57792 0.01221
0.1150 3.75246 0.00809
0.1150 3.92699 0.00387
0.1150 4.10152 0.00308
0.1150 4.27606 0.00228
0.1150 4.45059 0.00233
0.1150 4.62512 0.00189
0.1150 4.79966 0.00204
0.1150 4.97419 0.00204
0.1150 5.14872 0.00308
0.1150 5.32325 0.00427
0.1150 5.49779 0.00472
0.1150 5.67232 0.00710
0.1150 5.84685 0.01266
0.1150 6.02139 0.02239
0.1150 6.19592 0.03724

0.1250 0.08727 0.05432
0.1250 0.26180 0.09596
0.1250 0.43633 0.14436
0.1250 0.61087 0.21647
0.1250 0.78540 0.29023
0.1250 0.95993 0.37822
0.1250 1.13446 0.46564
0.1250 1.30900 0.53539
0.1250 1.48353 0.57125
0.1250 1.65806 0.58246
0.1250 1.83260 0.53726
0.1250 2.00713 0.47431
0.1250 2.18166 0.38979
0.1250 2.35619 0.29953
0.1250 2.53073 0.21220
0.1250 2.70526 0.15027
0.1250 2.87979 0.09520
0.1250 3.05433 0.06184
0.1250 3.22886 0.03474
0.1250 3.40339 0.02020
0.1250 3.57792 0.01143
0.1250 3.75246 0.00632
0.1250 3.92699 0.00360
0.1250 4.10152 0.00245
0.1250 4.27606 0.00169
0.1250 4.45059 0.00151
0.1250 4.62512 0.00125
0.1250 4.79966 0.00142
0.1250 4.97419 0.00187
0.1250 5.14872 0.00262
0.1250 5.32325 0.00365
0.1250 5.49779 0.00534
0.1250 5.67232 0.00796
0.1250 5.84685 0.01277
0.1250 6.02139 0.02095
0.1250 6.19592 0.03510

0.1350 0.08727 0.05932
0.1350 0.26180 0.09298
0.1350 0.43633 0.14766
0.1350 0.61087 0.21573
0.1350 0.78540 0.29964
0.1350 0.95993 0.39279
0.1350 1.13446 0.46642
0.1350 1.30900 0.53335
0.1350 1.48353 0.56730
0.1350 1.65806 0.56081
0.1350 1.83260 0.53319
0.1350 2.00713 0.46726
0.1350 2.18166 0.39061
0.1350 2.35619 0.30150
0.1350 2.53073 0.22105
0.1350 2.70526 0.14512
0.1350 2.87979 0.09464
0.1350 3.05433 0.06024
0.1350 3.22886 0.03512
0.1350 3.40339 0.02089
0.1350 3.57792 0.01222
0.1350 3.75246 0.00661
0.1350 3.92699 0.00480
0.1350 4.10152 0.00306
0.1350 4.27606 0.00270
0.1350 4.45059 0.00169
0.1350 4.62512 0.00125
0.1350 4.79966 0.00173
0.1350 4.97419 0.00185
0.1350 5.14872 0.00234
0.1350 5.32325 0.00347
0.1350 5.49779 0.00476
0.1350 5.67232 0.00718
0.1350 5.84685 0.01286
0.1350 6.02139 0.02218
0.1350 6.19592 0.03524

0.1450 0.08727 0.05877
0.1450 0.26180 0.09624
0.1450 0.43633 0.14811
0.1450 0.61087 0.22317
0.1450 0.78540 0.29830
0.1450 0.95993 0.38271
0.1450 1.13446 0.46814
0.1450 1.30900 0.52884
0.1450 1.48353 0.56577
0.1450 1.65806 0.56964
0.1450 1.83260 0.53202
0.1450 2.00713 0.46785
0.1450 2.18166 0.38563
0.1450 2.35619 0.30549
0.1450 2.53073 0.21415
0.1450 2.70526 0.15099
0.1450 2.87979 0.09584
0.1450 3.05433 0.05789
0.1450 3.22886 0.03528
0.1450 3.40339 0.02111
0.1450 3.57792 0.01256
0.1450 3.75246 0.00760
0.1450 3.92699 0.00453
0.1450 4.10152 0.00343
0.1450 4.27606 0.00256
0.1450 4.45059 0.00223
0.1450 4.62512 0.00194
0.1450 4.79966 0.00157
0.1450 4.97419 0.00157
0.1450 5.14872 0.00245
0.1450 5.32325 0.00303
0.1450 5.49779 0.00486
0.1450 5.67232 0.00771
0.1450 5.84685 0.01235
0.1450 6.02139 0.02045
0.1450 6.19592 0.03481

0.1550 0.08727 0.05892
0.1550 0.26180 0.09526
0.1550 0.43633 0.14647
0.1550 0.61087 0.21697
0.1550 0.78540 0.30117
0.1550 0.95993 0.38477
0.1550 1.13446 0.46700
0.1550 1.30900 0.52897
0.1550 1.48353 0.56469
0.1550 1.65806 0.56172
0.1550 1.83260 0.53286
0.1550 2.00713 0.47427
0.1550 2.18166 0.38836
0.1550 2.35619 0.30259
0.1550 2.53073 0.21803
0.1550 2.70526 0.15035
0.1550 2.87979 0.09897
0.1550 3.05433 0.06073
0.1550 3.22886 0.03568
0.1550 3.40339 0.02218
0.1550 3.57792 0.01198
0.1550 3.75246 0.00691
0.1550 3.92699 0.00467
0.1550 4.10152 0.00346
0.1550 4.27606 0.00194
0.1550 4.45059 0.00148
0.1550 4.62512 0.00132
0.1550 4.79966 0.00128
0.1550 4.97419 0.00197
0.1550 5.14872 0.00217
0.1550 5.32325 0.00276
0.1550 5.49779 0.00418
0.1550 5.67232 0.00652
0.1550 5.84685 0.01162
0.1550 6.02139 0.02156
0.1550 6.19592 0.03578

0.1650 0.08727 0.05952
0.1650 0.26180 0.09659
0.1650 0.43633 0.15205
0.1650 0.61087 0.21544
0.1650 0.78540 0.30620
0.1650 0.95993 0.38683
0.1650 1.13446 0.47606
0.1650 1.30900 0.53248
0.1650 1.48353 0.56745
0.1650 1.65806 0.55838
0.1650 1.83260 0.53107
0.1650 2.00713 0.47120
0.1650 2.18166 0.38044
0.1650 2.35619 0.30401
0.1650 2.53073 0.21658
0.1650 2.70526 0.14538
0.1650 2.87979 0.09458
0.1650 3.05433 0.05840
0.1650 3.22886 0.03437
0.1650 3.40339 0.02037
0.1650 3.57792 0.01202
0.1650 3.75246 0.00820
0.1650 3.92699 0.00487
0.1650 4.10152 0.00336
0.1650 4.27606 0.00267
0.1650 4.45059 0.00171
0.1650 4.62512 0.00135
0.1650 4.79966 0.00201
0.1650 4.97419 0.00141
0.1650 5.14872 0.00180
0.1650 5.32325 0.00264
0.1650 5.49779 0.00475
0.1650 5.67232 0.00730
0.1650 5.84685 0.01115
0.1650 6.02139 0.02130
0.1650 6.19592 0.03563

0.1750 0.08727 0.05891
0.1750 0.26180 0.09587
0.1750 0.43633 0.15283
0.1750 0.61087 0.22155
0.1750 0.78540 0.30533
0.1750 0.95993 0.38705
0.1750 1.13446 0.46782
0.1750 1.30900 0.52908
0.1750 1.48353 0.56196
0.1750 1.65806 0.55867
0.1750 1.83260 0.53095
0.1750 2.00713 0.46464
0.1750 2.18166 0.38258
0.1750 2.35619 0.29702
0.1750 2.53073 0.22495
0.1750 2.70526 0.15387
0.1750 2.87979 0.09853
0.1750 3.05433 0.06176
0.1750 3.22886 0.03612
0.1750 3.40339 0.02018
0.1750 3.57792 0.01245
0.1750 3.75246 0.00812
0.1750 3.92699 0.00499
0.1750 4.10152 0.00324
0.1750 4.27606 0.00244
0.1750 4.45059 0.00203
0.1750 4.62512 0.00115
0.1750 4.79966 0.00165
0.1750 4.97419 0.00134
0.1750 5.14872 0.00208
0.1750 5.32325 0.00296
0.1750 5.49779 0.00398
0.1750 5.67232 0.00691
0.1750 5.84685 0.01168
0.1750 6.02139 0.02079
0.1750 6.19592 0.03409

0.1850 0.08727 0.06077
0.1850 0.26180 0.09494
0.1850 0.43633 0.14930
0.1850 0.61087 0.21701
0.1850 0.78540 0.29989
0.1850 0.95993 0.38948
0.1850 1.13446 0.46693
0.1850 1.30900 0.52768
0.1850 1.48353 0.56220
0.1850 1.65806 0.56063
0.1850 1.83260 0.52755
0.1850 2.00713 0.46616
0.1850 2.18166 0.38570
0.1850 2.35619 0.30399
0.1850 2.53073 0.22067
0.1850 2.70526 0.15734
0.1850 2.87979 0.10072
0.1850 3.05433 0.06219
0.1850 3.22886 0.03606
0.1850 3.40339 0.02061
0.1850 3.57792 0.01309
0.1850 3.75246 0.00764
0.1850 3.92699 0.00398
0.1850 4.10152 0.00266
0.1850 4.27606 0.00194
0.1850 4.45059 0.00177
0.1850 4.62512 0.00134
0.1850 4.79966 0.00152
0.1850 4.97419 0.00152
0.1850 5.14872 0.00221
0.1850 5.32325 0.00271
0.1850 5.49779 0.00413
0.1850 5.67232 0.00719
0.1850 5.84685 0.01214
0.1850 6.02139 0.01993
0.1850 6.19592 0.03596

0.1950 0.08727 0.06073
0.1950 0.26180 0.09503
0.1950 0.43633 0.15145
0.1950 0.61087 0.22285
0.1950 0.78540 0.29729
0.1950 0.95993 0.38501
0.1950 1.13446 0.46787
0.1950 1.30900 0.52503
0.1950 1.48353 0.55988
0.1950 1.65806 0.56308
0.1950 1.83260 0.53211
0.1950 2.00713 0.46587
0.1950 2.18166 0.38218
0.1950 2.35619 0.30174
0.1950 2.53073 0.21771
0.1950 2.70526 0.15460
0.1950 2.87979 0.09991
0.1950 3.05433 0.06359
0.1950 3.22886 0.03662
0.1950 3.40339 0.02180
0.1950 3.57792 0.01339
0.1950 3.75246 0.00816
0.1950 3.92699 0.00475
0.1950 4.10152 0.00309
0.1950 4.27606 0.00207
0.1950 4.45059 0.00182
0.1950 4.62512 0.00152
0.1950 4.79966 0.00177
0.1950 4.97419 0.00196
0.1950 5.14872 0.00205
0.1950 5.32325 0.00336
0.1950 5.49779 0.00408
0.1950 5.67232 0.00687
0.1950 5.84685 0.01238
0.1950 6.02139 0.02183
0.1950 6.19592 0.03612

0.2050 0.08727 0.06127
0.2050 0.26180 0.09835
0.2050 0.43633 0.15218
0.2050 0.61087 0.21869
0.2050 0.78540 0.30109
0.2050 0.95993 0.38406
0.2050 1.13446 0.46744
0.2050 1.30900 0.52864
0.2050 1.48353 0.56994
0.2050 1.65806 0.56570
0.2050 1.83260 0.53075
0.2050 2.00713 0.46267
0.2050 2.18166 0.38483
0.2050 2.35619 0.29887
0.2050 2.53073 0.21664
0.2050 2.70526 0.14918
0.2050 2.87979 0.09955
0.2050 3.05433 0.05975
0.2050 3.22886 0.03664
0.2050 3.40339 0.02034
0.2050 3.57792 0.01293
0.2050 3.75246 0.00756
0.2050 3.92699 0.00462
0.2050 4.10152 0.00296
0.2050 4.27606 0.00219
0.2050 4.45059 0.00190
0.2050 4.62512 0.00153
0.2050 4.79966 0.00164
0.2050 4.97419 0.00145
0.2050 5.14872 0.00215
0.2050 5.32325 0.00311
0.2050 5.49779 0.00530
0.2050 5.67232 0.00748
0.2050 5.84685 0.01176
0.2050 6.02139 0.02045
0.2050 6.19592 0.03596

0.2150 0.08727 0.06045
0.2150 0.26180 0.09894
0.2150 0.43633 0.15076
0.2150 0.61087 0.22132
0.2150 0.78540 0.30212
0.2150 0.95993 0.38962
0.2150 1.13446 0.46799
0.2150 1.30900 0.52507
0.2150 1.48353 0.56795
0.2150 1.65806 0.55974
0.2150 1.83260 0.52953
0.2150 2.00713 0.46526
0.2150 2.18166 0.38966
0.2150 2.35619 0.29998
0.2150 2.53073 0.21867
0.2150 2.70526 0.14894
0.2150 2.87979 0.09648
0.2150 3.05433 0.06088
0.2150 3.22886 0.03479
0.2150 3.40339 0.02076
0.2150 3.57792 0.01245
0.2150 3.75246 0.00690
0.2150 3.92699 0.00478
0.2150 4.10152 0.00264
0.2150 4.27606 0.00222
0.2150 4.45059 0.00157
0.2150 4.62512 0.00139
0.2150 4.79966 0.00151
0.2150 4.97419 0.00175
0.2150 5.14872 0.00222
0.2150 5.32325 0.00297
0.2150 5.49779 0.00444
0.2150 5.67232 0.00698
0.2150 5.84685 0.01190
0.2150 6.02139 0.02057
0.2150 6.19592 0.03639

0.2250 0.08727 0.05966
0.2250 0.26180 0.09947
0.2250 0.43633 0.14903
0.2250 0.61087 0.22093
0.2250 0.78540 0.30962
0.2250 0.95993 0.38975
0.2250 1.13446 0.46818
0.2250 1.30900 0.53136
0.2250 1.48353 0.56783
0.2250 1.65806 0.56064
0.2250 1.83260 0.53099
0.2250 2.00713 0.46327
0.2250 2.18166 0.38200
0.2250 2.35619 0.30001
0.2250 2.53073 0.21639
0.2250 2.70526 0.15064
0.2250 2.87979 0.09479
0.2250 3.05433 0.06023
0.2250 3.22886 0.03454
0.2250 3.40339 0.01996
0.2250 3.57792 0.01252
0.2250 3.75246 0.00692
0.2250 3.92699 0.00384
0.2250 4.10152 0.00265
0.2250 4.27606 0.00237
0.2250 4.45059 0.00174
0.2250 4.62512 0.00178
0.2250 4.79966 0.00145
0.2250 4.97419 0.00145
0.2250 5.14872 0.00256
0.2250 5.32325 0.00276
0.2250 5.49779 0.00425
0.2250 5.67232 0.00705
0.2250 5.84685 0.01239
0.2250 6.02139 0.02005
0.2250 6.19592 0.03649

0.2350 0.08727 0.06168
0.2350 0.26180 0.09764
0.2350 0.43633 0.15106
0.2350 0.61087 0.21840
0.2350 0.78540 0.30117
0.2350 0.95993 0.38565
0.2350 1.13446 0.46837
0.2350 1.30900 0.52689
0.2350 1.48353 0.56486
0.2350 1.65806 0.57353
0.2350 1.83260 0.52439
0.2350 2.00713 0.47005
0.2350 2.18166 0.37859
0.2350 2.35619 0.30486
0.2350 2.53073 0.21787
0.2350 2.70526 0.14956
0.2350 2.87979 0.09721
0.2350 3.05433 0.05998
0.2350 3.22886 0.03525
0.2350 3.40339 0.02068
0.2350 3.57792 0.01219
0.2350 3.75246 0.00702
0.2350 3.92699 0.00458
0.2350 4.10152 0.00286
0.2350 4.27606 0.00173
0.2350 4.45059 0.00159
0.2350 4.62512 0.00143
0.2350 4.79966 0.00164
0.2350 4.97419 0.00154
0.2350 5.14872 0.00225
0.2350 5.32325 0.00300
0.2350 5.49779 0.00440
0.2350 5.67232 0.00769
0.2350 5.84685 0.01247
0.2350 6.02139 0.02077
0.2350 6.19592 0.03673

0.2450 0.08727 0.06032
0.2450 0.26180 0.09907
0.2450 0.43633 0.15095
0.2450 0.61087 0.21967
0.2450 0.78540 0.30002
0.2450 0.95993 0.38904
0.2450 1.13446 0.46886
0.2450 1.30900 0.53605
0.2450 1.48353 0.56313
0.2450 1.65806 0.56430
0.2450 1.83260 0.52984
0.2450 2.00713 0.46669
0.2450 2.18166 0.38748
0.2450 2.35619 0.29960
0.2450 2.53073 0.21629
0.2450 2.70526 0.15000
0.2450 2.87979 0.09459
0.2450 3.05433 0.05826
0.2450 3.22886 0.03524
0.2450 3.40339 0.02034
0.2450 3.57792 0.01096
0.2450 3.75246 0.00742
0.2450 3.92699 0.00425
0.2450 4.10152 0.00242
0.2450 4.27606 0.00195
0.2450 4.45059 0.00155
0.2450 4.62512 0.00141
0.2450 4.79966 0.00155
0.2450 4.97419 0.00165
0.2450 5.14872 0.00216
0.2450 5.32325 0.00306
0.2450 5.49779 0.00423
0.2450 5.67232 0.00731
0.2450 5.84685 0.01218
0.2450 6.02139 0.02178
0.2450 6.19592 0.03596

0.2550 0.08727 0.05848
0.2550 0.26180 0.09742
0.2550 0.43633 0.14664
0.2550 0.61087 0.21904
0.2550 0.78540 0.29817
0.2550 0.95993 0.38663
0.2550 1.13446 0.46705
0.2550 1.30900 0.53607
0.2550 1.48353 0.56963
0.2550 1.65806 0.57276
0.2550 1.83260 0.53516
0.2550 2.00713 0.46962
0.2550 2.18166 0.38291
0.2550 2.35619 0.29617
0.2550 2.53073 0.21789
0.2550 2.70526 0.15047
0.2550 2.87979 0.09484
0.2550 3.05433 0.05781
0.2550 3.22886 0.03521
0.2550 3.40339 0.02099
0.2550 3.57792 0.01211
0.2550 3.75246 0.00626
0.2550 3.92699 0.00498
0.2550 4.10152 0.00262
0.2550 4.27606 0.00159
0.2550 4.45059 0.00150
0.2550 4.62512 0.00153
0.2550 4.79966 0.00143
0.2550 4.97419 0.00167
0.2550 5.14872 0.00228
0.2550 5.32325 0.00276
0.2550 5.49779 0.00460
0.2550 5.67232 0.00712
0.2550 5.84685 0.01141
0.2550 6.02139 0.02077
0.2550 6.19592 0.03399

0.2650 0.08727 0.06055
0.2650 0.26180 0.09617
0.2650 0.43633 0.15055
0.2650 0.61087 0.21719
0.2650 0.78540 0.29841
0.2650 0.95993 0.38778
0.2650 1.13446 0.47008
0.2650 1.30900 0.52987
0.2650 1.48353 0.56928
0.2650 1.65806 0.56940
0.2650 1.83260 0.53111
0.2650 2.00713 0.46984
0.2650 2.18166 0.38662
0.2650 2.35619 0.30049
0.2650 2.53073 0.21767
0.2650 2.70526 0.14903
0.2650 2.87979 0.09764
0.2650 3.05433 0.05837
0.2650 3.22886 0.03336
0.2650 3.40339 0.01966
0.2650 3.57792 0.01172
0.2650 3.75246 0.00703
0.2650 3.92699 0.00428
0.2650 4.10152 0.00268
0.2650 4.27606 0.00199
0.2650 4.45059 0.00151
0.2650 4.62512 0.00135
0.2650 4.79966 0.00144
0.2650 4.97419 0.00173
0.2650 5.14872 0.00226
0.2650 5.32325 0.00286
0.2650 5.49779 0.00456
0.2650 5.67232 0.00776
0.2650 5.84685 0.01062
0.2650 6.02139 0.02002
0.2650 6.19592 0.03471

0.2750 0.08727 0.05958
0.2750 0.26180 0.09763
0.2750 0.43633 0.14976
0.2750 0.61087 0.21626
0.2750 0.78540 0.29714
0.2750 0.95993 0.38357
0.2750 1.13446 0.46848
0.2750 1.30900 0.53121
0.2750 1.48353 0.56880
0.2750 1.65806 0.57025
0.2750 1.83260 0.53867
0.2750 2.00713 0.47371
0.2750 2.18166 0.38590
0.2750 2.35619 0.29806
0.2750 2.53073 0.21751
0.2750 2.70526 0.14679
0.2750 2.87979 0.09559
0.2750 3.05433 0.05870
0.2750 3.22886 0.03331
0.2750 3.40339 0.02002
0.2750 3.57792 0.01101
0.2750 3.75246 0.00712
0.2750 3.92699 0.00431
0.2750 4.10152 0.00281
0.2750 4.27606 0.00198
0.2750 4.45059 0.00190
0.2750 4.62512 0.00151
0.2750 4.79966 0.00139
0.2750 4.97419 0.00154
0.2750 5.14872 0.00205
0.2750 5.32325 0.00285
0.2750 5.49779 0.00460
0.2750 5.67232 0.00732
0.2750 5.84685 0.01207
0.2750 6.02139 0.02110
0.2750 6.19592 0.03508

0.2850 0.08727 0.05827
0.2850 0.26180 0.09583
0.2850 0.43633 0.14638
0.2850 0.61087 0.21750
0.2850 0.78540 0.29830
0.2850 0.95993 0.38667
0.2850 1.13446 0.47112
0.2850 1.30900 0.53198
0.2850 1.48353 0.57216
0.2850 1.65806 0.56647
0.2850 1.83260 0.53730
0.2850 2.00713 0.47112
0.2850 2.18166 0.38792
0.2850 2.35619 0.29455
0.2850 2.53073 0.21534
0.2850 2.70526 0.14858
0.2850 2.87979 0.09717
0.2850 3.05433 0.05995
0.2850 3.22886 0.03473
0.2850 3.40339 0.02017
0.2850 3.57792 0.01222
0.2850 3.75246 0.00750
0.2850 3.92699 0.00456
0.2850 4.10152 0.00281
0.2850 4.27606 0.00250
0.2850 4.45059 0.00150
0.2850 4.62512 0.00168
0.2850 4.79966 0.00146
0.2850 4.97419 0.00156
0.2850 5.14872 0.00211
0.2850 5.32325 0.00292
0.2850 5.49779 0.00431
0.2850 5.67232 0.00740
0.2850 5.84685 0.01161
0.2850 6.02139 0.02004
0.2850 6.19592 0.03390

0.2950 0.08727 0.05788
0.2950 0.26180 0.09431
0.2950 0.43633 0.14496
0.2950 0.61087 0.21886
0.2950 0.78540 0.29958
0.2950 0.95993 0.38733
0.2950 1.13446 0.46557
0.2950 1.30900 0.53708
0.2950 1.48353 0.56782
0.2950 1.65806 0.56602
0.2950 1.83260 0.53450
0.2950 2.00713 0.47195
0.2950 2.18166 0.38783
0.2950 2.35619 0.30201
0.2950 2.53073 0.21864
0.2950 2.70526 0.14501
0.2950 2.87979 0.09756
0.2950 3.05433 0.05848
0.2950 3.22886 0.03603
0.2950 3.40339 0.02036
0.2950 3.57792 0.01205
0.2950 3.75246 0.00694
0.2950 3.92699 0.00436
0.2950 4.10152 0.00322
0.2950 4.27606 0.00190
0.2950 4.45059 0.00159
0.2950 4.62512 0.00147
0.2950 4.79966 0.00150
0.2950 4.97419 0.00159
0.2950 5.14872 0.00209
0.2950 5.32325 0.00305
0.2950 5.49779 0.00376
0.2950 5.67232 0.00676
0.2950 5.84685 0.01177
0.2950 6.02139 0.02007
0.2950 6.19592 0.03570

0.3050 0.08727 0.05798
0.3050 0.26180 0.09460
0.3050 0.43633 0.14809
0.3050 0.61087 0.22120
0.3050 0.78540 0.29277
0.3050 0.95993 0.38727
0.3050 1.13446 0.47081
0.3050 1.30900 0.53318
0.3050 1.48353 0.57126
0.3050 1.65806 0.57076
0.3050 1.83260 0.53076
0.3050 2.00713 0.46853
0.3050 2.18166 0.38719
0.3050 2.35619 0.29756
0.3050 2.53073 0.22013
0.3050 2.70526 0.14833
0.3050 2.87979 0.09729
0.3050 3.05433 0.05991
0.3050 3.22886 0.03436
0.3050 3.40339 0.02036
0.3050 3.57792 0.01141
0.3050 3.75246 0.00716
0.3050 3.92699 0.00410
0.3050 4.10152 0.00295
0.3050 4.27606 0.00206
0.3050 4.45059 0.00154
0.3050 4.62512 0.00150
0.3050 4.79966 0.00145
0.3050 4.97419 0.00164
0.3050 5.14872 0.00206
0.3050 5.32325 0.00279
0.3050 5.49779 0.00462
0.3050 5.67232 0.00717
0.3050 5.84685 0.01105
0.3050 6.02139 0.01979
0.3050 6.19592 0.03595

0.3150 0.08727 0.05843
0.3150 0.26180 0.09541
0.3150 0.43633 0.14912
0.3150 0.61087 0.21839
0.3150 0.78540 0.29910
0.3150 0.95993 0.38796
0.3150 1.13446 0.46521
0.3150 1.30900 0.53681
0.3150 1.48353 0.56419
0.3150 1.65806 0.56830
0.3150 1.83260 0.53341
0.3150 2.00713 0.47017
0.3150 2.18166 0.39023
0.3150 2.35619 0.29729
0.3150 2.53073 0.21540
0.3150 2.70526 0.14965
0.3150 2.87979 0.09721
0.3150 3.05433 0.05900
0.3150 3.22886 0.03636
0.3150 3.40339 0.02056
0.3150 3.57792 0.01223
0.3150 3.75246 0.00714
0.3150 3.92699 0.00410
0.3150 4.10152 0.00305
0.3150 4.27606 0.00222
0.3150 4.45059 0.00169
0.3150 4.62512 0.00127
0.3150 4.79966 0.00150
0.3150 4.97419 0.00194
0.3150 5.14872 0.00210
0.3150 5.32325 0.00282
0.3150 5.49779 0.00447
0.3150 5.67232 0.00660
0.3150 5.84685 0.01178
0.3150 6.02139 0.02046
0.3150 6.19592 0.03401

0.3250 0.08727 0.05760
0.3250 0.26180 0.09591
0.3250 0.43633 0.14898
0.3250 0.61087 0.21718
0.3250 0.78540 0.29961
0.3250 0.95993 0.38563
0.3250 1.13446 0.47144
0.3250 1.30900 0.53134
0.3250 1.48353 0.56872
0.3250 1.65806 0.56772
0.3250 1.83260 0.53240
0.3250 2.00713 0.46818
0.3250 2.18166 0.38862
0.3250 2.35619 0.29854
0.3250 2.53073 0.21686
0.3250 2.70526 0.14969
0.3250 2.87979 0.09746
0.3250 3.05433 0.05861
0.3250 3.22886 0.03537
0.3250 3.40339 0.02081
0.3250 3.57792 0.01205
0.3250 3.75246 0.00720
0.3250 3.92699 0.00409
0.3250 4.10152 0.00318
0.3250 4.27606 0.00209
0.3250 4.45059 0.00198
0.3250 4.62512 0.00136
0.3250 4.79966 0.00149
0.3250 4.97419 0.00188
0.3250 5.14872 0.00192
0.3250 5.32325 0.00278
0.3250 5.49779 0.00450
0.3250 5.67232 0.00688
0.3250 5.84685 0.01211
0.3250 6.02139 0.02024
0.3250 6.19592 0.03513

0.3350 0.08727 0.05939
0.3350 0.26180 0.09329
0.3350 0.43633 0.14719
0.3350 0.61087 0.21554
0.3350 0.78540 0.29856
0.3350 0.95993 0.38673
0.3350 1.13446 0.47070
0.3350 1.30900 0.53634
0.3350 1.48353 0.56836
0.3350 1.65806 0.56944
0.3350 1.83260 0.53149
0.3350 2.00713 0.46859
0.3350 2.18166 0.38548
0.3350 2.35619 0.30186
0.3350 2.53073 0.21923
0.3350 2.70526 0.14880
0.3350 2.87979 0.09691
0.3350 3.05433 0.05836
0.3350 3.22886 0.03523
0.3350 3.40339 0.01961
0.3350 3.57792 0.01215
0.3350 3.75246 0.00692
0.3350 3.92699 0.00455
0.3350 4.10152 0.00289
0.3350 4.27606 0.00229
0.3350 4.45059 0.00189
0.3350 4.62512 0.00150
0.3350 4.79966 0.00130
0.3350 4.97419 0.00190
0.3350 5.14872 0.00203
0.3350 5.32325 0.00261
0.3350 5.49779 0.00412
0.3350 5.67232 0.00718
0.3350 5.84685 0.01165
0.3350 6.02139 0.02091
0.3350 6.19592 0.03455

0.3450 0.08727 0.05834
0.3450 0.26180 0.09556
0.3450 0.43633 0.14765
0.3450 0.61087 0.21726
0.3450 0.78540 0.29766
0.3450 0.95993 0.38603
0.3450 1.13446 0.47334
0.3450 1.30900 0.53167
0.3450 1.48353 0.57108
0.3450 1.65806 0.57145
0.3450 1.83260 0.53386
0.3450 2.00713 0.46638
0.3450 2.18166 0.38972
0.3450 2.35619 0.29805
0.3450 2.53073 0.21839
0.3450 2.70526 0.14670
0.3450 2.87979 0.09562
0.3450 3.05433 0.05833
0.3450 3.22886 0.03507
0.3450 3.40339 0.02017
0.3450 3.57792 0.01159
0.3450 3.75246 0.00687
0.3450 3.92699 0.00416
0.3450 4.10152 0.00267
0.3450 4.27606 0.00219
0.3450 4.45059 0.00166
0.3450 4.62512 0.00136
0.3450 4.79966 0.00148
0.3450 4.97419 0.00153
0.3450 5.14872 0.00202
0.3450 5.32325 0.00304
0.3450 5.49779 0.00447
0.3450 5.67232 0.00689
0.3450 5.84685 0.01143
0.3450 6.02139 0.02068
0.3450 6.19592 0.03520

0.3550 0.08727 0.05866
0.3550 0.26180 0.09459
0.3550 0.43633 0.14874
0.3550 0.61087 0.21578
0.3550 0.78540 0.29788
0.3550 0.95993 0.38594
0.3550 1.13446 0.47029
0.3550 1.30900 0.54025
0.3550 1.48353 0.56989
0.3550 1.65806 0.56998
0.3550 1.83260 0.53153
0.3550 2.00713 0.46989
0.3550 2.18166 0.38323
0.3550 2.35619 0.29688
0.3550 2.53073 0.21781
0.3550 2.70526 0.14790
0.3550 2.87979 0.09546
0.3550 3.05433 0.05956
0.3550 3.22886 0.03511
0.3550 3.40339 0.02076
0.3550 3.57792 0.01161
0.3550 3.75246 0.00642
0.3550 3.92699 0.00423
0.3550 4.10152 0.00279
0.3550 4.27606 0.00186
0.3550 4.45059 0.00144
0.3550 4.62512 0.00147
0.3550 4.79966 0.00138
0.3550 4.97419 0.00165
0.3550 5.14872 0.00240
0.3550 5.32325 0.00318
0.3550 5.49779 0.00433
0.3550 5.67232 0.00726
0.3550 5.84685 0.01225
0.3550 6.02139 0.02031
0.3550 6.19592 0.03687

0.3650 0.08727 0.05930
0.3650 0.26180 0.09456
0.3650 0.43633 0.14856
0.3650 0.61087 0.21508
0.3650 0.78540 0.29692
0.3650 0.95993 0.38529
0.3650 1.13446 0.46888
0.3650 1.30900 0.53381
0.3650 1.48353 0.56974
0.3650 1.65806 0.57668
0.3650 1.83260 0.53508
0.3650 2.00713 0.46947
0.3650 2.18166 0.38515
0.3650 2.35619 0.29835
0.3650 2.53073 0.21645
0.3650 2.70526 0.14881
0.3650 2.87979 0.09541
0.3650 3.05433 0.05848
0.3650 3.22886 0.03446
0.3650 3.40339 0.01989
0.3650 3.57792 0.01199
0.3650 3.75246 0.00736
0.3650 3.92699 0.00473
0.3650 4.10152 0.00300
0.3650 4.27606 0.00193
0.3650 4.45059 0.00153
0.3650 4.62512 0.00164
0.3650 4.79966 0.00123
0.3650 4.97419 0.00182
0.3650 5.14872 0.00215
0.3650 5.32325 0.00292
0.3650 5.49779 0.00455
0.3650 5.67232 0.00689
0.3650 5.84685 0.01194
0.3650 6.02139 0.02058
0.3650 6.19592 0.03495

0.3750 0.08727 0.05783
0.3750 0.26180 0.09618
0.3750 0.43633 0.14766
0.3750 0.61087 0.21458
0.3750 0.78540 0.29720
0.3750 0.95993 0.38609
0.3750 1.13446 0.47057
0.3750 1.30900 0.53469
0.3750 1.48353 0.57006
0.3750 1.65806 0.56764
0.3750 1.83260 0.53318
0.3750 2.00713 0.47028
0.3750 2.18166 0.38495
0.3750 2.35619 0.29915
0.3750 2.53073 0.21716
0.3750 2.70526 0.14858
0.3750 2.87979 0.09741
0.3750 3.05433 0.06089
0.3750 3.22886 0.03504
0.3750 3.40339 0.02064
0.3750 3.57792 0.01156
0.3750 3.75246 0.00699
0.3750 3.92699 0.00434
0.3750 4.10152 0.00299
0.3750 4.27606 0.00224
0.3750 4.45059 0.00160
0.3750 4.62512 0.00141
0.3750 4.79966 0.00170
0.3750 4.97419 0.00188
0.3750 5.14872 0.00210
0.3750 5.32325 0.00320
0.3750 5.49779 0.00477
0.3750 5.67232 0.00772
0.3750 5.84685 0.01205
0.3750 6.02139 0.02064
0.3750 6.19592 0.03458

0.3850 0.08727 0.05897
0.3850 0.26180 0.09694
0.3850 0.43633 0.14901
0.3850 0.61087 0.21813
0.3850 0.78540 0.29821
0.3850 0.95993 0.38737
0.3850 1.13446 0.47096
0.3850 1.30900 0.53434
0.3850 1.48353 0.56517
0.3850 1.65806 0.56657
0.3850 1.83260 0.53139
0.3850 2.00713 0.46618
0.3850 2.18166 0.38571
0.3850 2.35619 0.30179
0.3850 2.53073 0.21823
0.3850 2.70526 0.15050
0.3850 2.87979 0.09714
0.3850 3.05433 0.05824
0.3850 3.22886 0.03490
0.3850 3.40339 0.02076
0.3850 3.57792 0.01202
0.3850 3.75246 0.00664
0.3850 3.92699 0.00412
0.3850 4.10152 0.00281
0.3850 4.27606 0.00216
0.3850 4.45059 0.00165
0.3850 4.62512 0.00153
0.3850 4.79966 0.00155
0.3850 4.97419 0.00194
0.3850 5.14872 0.00205
0.3850 5.32325 0.00287
0.3850 5.49779 0.00429
0.3850 5.67232 0.00715
0.3850 5.84685 0.01161
0.3850 6.02139 0.02127
0.3850 6.19592 0.03538

0.3950 0.08727 0.05891
0.3950 0.26180 0.09598
0.3950 0.43633 0.14852
0.3950 0.61087 0.21732
0.3950 0.78540 0.30055
0.3950 0.95993 0.38662
0.3950 1.13446 0.47097
0.3950 1.30900 0.53519
0.3950 1.48353 0.56542
0.3950 1.65806 0.56538
0.3950 1.83260 0.53313
0.3950 2.00713 0.47006
0.3950 2.18166 0.38560
0.3950 2.35619 0.29972
0.3950 2.53073 0.21756
0.3950 2.70526 0.15086
0.3950 2.87979 0.09605
0.3950 3.05433 0.05888
0.3950 3.22886 0.03500
0.3950 3.40339 0.01998
0.3950 3.57792 0.01188
0.3950 3.75246 0.00678
0.3950 3.92699 0.00428
0.3950 4.10152 0.00314
0.3950 4.27606 0.00216
0.3950 4.45059 0.00182
0.3950 4.62512 0.00140
0.3950 4.79966 0.00150
0.3950 4.97419 0.00162
0.3950 5.14872 0.00220
0.3950 5.32325 0.00299
0.3950 5.49779 0.00450
0.3950 5.67232 0.00705
0.3950 5.84685 0.01168
0.3950 6.02139 0.02043
0.3950 6.19592 0.03446

0.4050 0.08727 0.05955
0.4050 0.26180 0.09585
0.4050 0.43633 0.14726
0.4050 0.61087 0.21873
0.4050 0.78540 0.29818
0.4050 0.95993 0.38472
0.4050 1.13446 0.47333
0.4050 1.30900 0.53110
0.4050 1.48353 0.56873
0.4050 1.65806 0.56711
0.4050 1.83260 0.53409
0.4050 2.00713 0.46947
0.4050 2.18166 0.38794
0.4050 2.35619 0.29941
0.4050 2.53073 0.21767
0.4050 2.70526 0.14697
0.4050 2.87979 0.09737
0.4050 3.05433 0.05870
0.4050 3.22886 0.03456
0.4050 3.40339 0.02033
0.4050 3.57792 0.01171
0.4050 3.75246 0.00697
0.4050 3.92699 0.00447
0.4050 4.10152 0.00280
0.4050 4.27606 0.00208
0.4050 4.45059 0.00166
0.4050 4.62512 0.00151
0.4050 4.79966 0.00145
0.4050 4.97419 0.00160
0.4050 5.14872 0.00213
0.4050 5.32325 0.00264
0.4050 5.49779 0.00429
0.4050 5.67232 0.00726
0.4050 5.84685 0.01254
0.4050 6.02139 0.02032
0.4050 6.19592 0.03510

0.4150 0.08727 0.05894
0.4150 0.26180 0.09582
0.4150 0.43633 0.14853
0.4150 0.61087 0.21717
0.4150 0.78540 0.29936
0.4150 0.95993 0.38900
0.4150 1.13446 0.46945
0.4150 1.30900 0.53626
0.4150 1.48353 0.56675
0.4150 1.65806 0.56984
0.4150 1.83260 0.53072
0.4150 2.00713 0.46771
0.4150 2.18166 0.38633
0.4150 2.35619 0.30055
0.4150 2.53073 0.21646
0.4150 2.70526 0.14943
0.4150 2.87979 0.09701
0.4150 3.05433 0.05873
0.4150 3.22886 0.03456
0.4150 3.40339 0.01985
0.4150 3.57792 0.01200
0.4150 3.75246 0.00709
0.4150 3.92699 0.00453
0.4150 4.10152 0.00276
0.4150 4.27606 0.00208
0.4150 4.45059 0.00145
0.4150 4.62512 0.00159
0.4150 4.79966 0.00151
0.4150 4.97419 0.00168
0.4150 5.14872 0.00229
0.4150 5.32325 0.00274
0.4150 5.49779 0.00408
0.4150 5.67232 0.00682
0.4150 5.84685 0.01163
0.4150 6.02139 0.02035
0.4150 6.19592 0.03452

0.4250 0.08727 0.05840
0.4250 0.26180 0.09626
0.4250 0.43633 0.14879
0.4250 0.61087 0.21949
0.4250 0.78540 0.30113
0.4250 0.95993 0.39037
0.4250 1.13446 0.46859
0.4250 1.30900 0.53591
0.4250 1.48353 0.57031
0.4250 1.65806 0.56680
0.4250 1.83260 0.53163
0.4250 2.00713 0.46959
0.4250 2.18166 0.38230
0.4250 2.35619 0.29703
0.4250 2.53073 0.21805
0.4250 2.70526 0.14795
0.4250 2.87979 0.09597
0.4250 3.05433 0.05920
0.4250 3.22886 0.03533
0.4250 3.40339 0.02064
0.4250 3.57792 0.01177
0.4250 3.75246 0.00675
0.4250 3.92699 0.00464
0.4250 4.10152 0.00269
0.4250 4.27606 0.00207
0.4250 4.45059 0.00164
0.4250 4.62512 0.00145
0.4250 4.79966 0.00141
0.4250 4.97419 0.00164
0.4250 5.14872 0.00205
0.4250 5.32325 0.00279
0.4250 5.49779 0.00420
0.4250 5.67232 0.00694
0.4250 5.84685 0.01164
0.4250 6.02139 0.02005
0.4250 6.19592 0.03409

0.4350 0.08727 0.05944
0.4350 0.26180 0.09498
0.4350 0.43633 0.14840
0.4350 0.61087 0.21740
0.4350 0.78540 0.29779
0.4350 0.95993 0.38751
0.4350 1.13446 0.46930
0.4350 1.30900 0.53473
0.4350 1.48353 0.56856
0.4350 1.65806 0.56842
0.4350 1.83260 0.53197
0.4350 2.00713 0.46845
0.4350 2.18166 0.38744
0.4350 2.35619 0.29994
0.4350 2.53073 0.21725
0.4350 2.70526 0.14969
0.4350 2.87979 0.09581
0.4350 3.05433 0.05887
0.4350 3.22886 0.03527
0.4350 3.40339 0.02044
0.4350 3.57792 0.01173
0.4350 3.75246 0.00725
0.4350 3.92699 0.00453
0.4350 4.10152 0.00294
0.4350 4.27606 0.00237
0.4350 4.45059 0.00175
0.4350 4.62512 0.00141
0.4350 4.79966 0.00156
0.4350 4.97419 0.00152
0.4350 5.14872 0.00206
0.4350 5.32325 0.00287
0.4350 5.49779 0.00400
0.4350 5.67232 0.00701
0.4350 5.84685 0.01152
0.4350 6.02139 0.02080
0.4350 6.19592 0.03458

0.4450 0.08727 0.05928
0.4450 0.26180 0.09639
0.4450 0.43633 0.14803
0.4450 0.61087 0.21787
0.4450 0.78540 0.29827
0.4450 0.95993 0.38949
0.4450 1.13446 0.46878
0.4450 1.30900 0.53176
0.4450 1.48353 0.56872
0.4450 1.65806 0.56703
0.4450 1.83260 0.53169
0.4450 2.00713 0.47169
0.4450 2.18166 0.38544
0.4450 2.35619 0.29979
0.4450 2.53073 0.21684
0.4450 2.70526 0.14969
0.4450 2.87979 0.09606
0.4450 3.05433 0.05957
0.4450 3.22886 0.03534
0.4450 3.40339 0.02045
0.4450 3.57792 0.01138
0.4450 3.75246 0.00686
0.4450 3.92699 0.00457
0.4450 4.10152 0.00291
0.4450 4.27606 0.00213
0.4450 4.45059 0.00165
0.4450 4.62512 0.00143
0.4450 4.79966 0.00143
0.4450 4.97419 0.00157
0.4450 5.14872 0.00212
0.4450 5.32325 0.00295
0.4450 5.49779 0.00414
0.4450 5.67232 0.00677
0.4450 5.84685 0.01157
0.4450 6.02139 0.02092
0.4450 6.19592 0.03499

0.4550 0.08727 0.05857
0.4550 0.26180 0.09660
0.4550 0.43633 0.14860
0.4550 0.61087 0.21645
0.4550 0.78540 0.29950
0.4550 0.95993 0.38658
0.4550 1.13446 0.46968
0.4550 1.30900 0.53242
0.4550 1.48353 0.56887
0.4550 1.65806 0.56811
0.4550 1.83260 0.53516
0.4550 2.00713 0.46819
0.4550 2.18166 0.38827
0.4550 2.35619 0.29901
0.4550 2.53073 0.21638
0.4550 2.70526 0.14917
0.4550 2.87979 0.09551
0.4550 3.05433 0.05841
0.4550 3.22886 0.03445
0.4550 3.40339 0.02015
0.4550 3.57792 0.01173
0.4550 3.75246 0.00725
0.4550 3.92699 0.00431
0.4550 4.10152 0.00295
0.4550 4.27606 0.00202
0.4550 4.45059 0.00189
0.4550 4.62512 0.00160
0.4550 4.79966 0.00143
0.4550 4.97419 0.00162
0.4550 5.14872 0.00214
0.4550 5.32325 0.00303
0.4550 5.49779 0.00451
0.4550 5.67232 0.00699
0.4550 5.84685 0.01223
0.4550 6.02139 0.02079
0.4550 6.19592 0.03502

0.4650 0.08727 0.05885
0.4650 0.26180 0.09562
0.4650 0.43633 0.14947
0.4650 0.61087 0.21886
0.4650 0.78540 0.29935
0.4650 0.95993 0.38634
0.4650 1.13446 0.46930
0.4650 1.30900 0.53384
0.4650 1.48353 0.56802
0.4650 1.65806 0.56788
0.4650 1.83260 0.53347
0.4650 2.00713 0.47030
0.4650 2.18166 0.38667
0.4650 2.35619 0.29899
0.4650 2.53073 0.21606
0.4650 2.70526 0.14813
0.4650 2.87979 0.09528
0.4650 3.05433 0.05896
0.4650 3.22886 0.03496
0.4650 3.40339 0.02035
0.4650 3.57792 0.01205
0.4650 3.75246 0.00717
0.4650 3.92699 0.00441
0.4650 4.10152 0.00283
0.4650 4.27606 0.00210
0.4650 4.45059 0.00198
0.4650 4.62512 0.00160
0.4650 4.79966 0.00154
0.4650 4.97419 0.00172
0.4650 5.14872 0.00213
0.4650 5.32325 0.00288
0.4650 5.49779 0.00437
0.4650 5.67232 0.00700
0.4650 5.84685 0.01201
0.4650 6.02139 0.02058
0.4650 6.19592 0.03449

0.4750 0.08727 0.05919
0.4750 0.26180 0.09564
0.4750 0.43633 0.14981
0.4750 0.61087 0.21804
0.4750 0.78540 0.29965
0.4750 0.95993 0.38764
0.4750 1.13446 0.47011
0.4750 1.30900 0.53205
0.4750 1.48353 0.56704
0.4750 1.65806 0.56720
0.4750 1.83260 0.53204
0.4750 2.00713 0.46901
0.4750 2.18166 0.38851
0.4750 2.35619 0.29951
0.4750 2.53073 0.21637
0.4750 2.70526 0.14895
0.4750 2.87979 0.09594
0.4750 3.05433 0.05898
0.4750 3.22886 0.03529
0.4750 3.40339 0.02022
0.4750 3.57792 0.01173
0.4750 3.75246 0.00706
0.4750 3.92699 0.00434
0.4750 4.10152 0.00286
0.4750 4.27606 0.00207
0.4750 4.45059 0.00173
0.4750 4.62512 0.00142
0.4750 4.79966 0.00147
0.4750 4.97419 0.00170
0.4750 5.14872 0.00207
0.4750 5.32325 0.00281
0.4750 5.49779 0.00439
0.4750 5.67232 0.00705
0.4750 5.84685 0.01178
0.4750 6.02139 0.02047
0.4750 6.19592 0.03541

0.4850 0.08727 0.05881
0.4850 0.26180 0.09646
0.4850 0.43633 0.14964
0.4850 0.61087 0.21796
0.4850 0.78540 0.30047
0.4850 0.95993 0.38357
0.4850 1.13446 0.46985
0.4850 1.30900 0.53307
0.4850 1.48353 0.56638
0.4850 1.65806 0.56580
0.4850 1.83260 0.53321
0.4850 2.00713 0.47039
0.4850 2.18166 0.38862
0.4850 2.35619 0.30032
0.4850 2.53073 0.21734
0.4850 2.70526 0.14905
0.4850 2.87979 0.09591
0.4850 3.05433 0.05959
0.4850 3.22886 0.03561
0.4850 3.40339 0.02055
0.4850 3.57792 0.01163
0.4850 3.75246 0.00729
0.4850 3.92699 0.00438
0.4850 4.10152 0.00288
0.4850 4.27606 0.00209
0.4850 4.45059 0.00168
0.4850 4.62512 0.00141
0.4850 4.79966 0.00155
0.4850 4.97419 0.00156
0.4850 5.14872 0.00207
0.4850 5.32325 0.00278
0.4850 5.49779 0.00434
0.4850 5.67232 0.00709
0.4850 5.84685 0.01177
0.4850 6.02139 0.02018
0.4850 6.19592 0.03427

0.4950 0.08727 0.05914
0.4950 0.26180 0.09558
0.4950 0.43633 0.14853
0.4950 0.61087 0.21679
0.4950 0.78540 0.29939
0.4950 0.95993 0.38856
0.4950 1.13446 0.46861
0.4950 1.30900 0.53291
0.4950 1.48353 0.56923
0.4950 1.65806 0.56921
0.4950 1.83260 0.53123
0.4950 2.00713 0.46813
0.4950 2.18166 0.38640
0.4950 2.35619 0.30190
0.4950 2.53073 0.21729
0.4950 2.70526 0.14829
0.4950 2.87979 0.09604
0.4950 3.05433 0.05939
0.4950 3.22886 0.03458
0.4950 3.40339 0.02035
0.4950 3.57792 0.01182
0.4950 3.75246 0.00721
0.4950 3.92699 0.00430
0.4950 4.10152 0.00289
0.4950 4.27606 0.00203
0.4950 4.45059 0.00162
0.4950 4.62512 0.00151
0.4950 4.79966 0.00150
0.4950 4.97419 0.00162
0.4950 5.14872 0.00204
0.4950 5.32325 0.00274
0.4950 5.49779 0.00438
0.4950 5.67232 0.00686
0.4950 5.84685 0.01172
0.4950 6.02139 0.02039
0.4950 6.19592 0.03540

0.5050 0.08727 0.05892
0.5050 0.26180 0.09589
0.5050 0.43633 0.14900
0.5050 0.61087 0.21733
0.5050 0.78540 0.30003
0.5050 0.95993 0.38805
0.5050 1.13446 0.46817
0.5050 1.30900 0.53506
0.5050 1.48353 0.56872
0.5050 1.65806 0.56838
0.5050 1.83260 0.53307
0.5050 2.00713 0.46891
0.5050 2.18166 0.38572
0.5050 2.35619 0.29723
0.5050 2.53073 0.21639
0.5050 2.70526 0.14914
0.5050 2.87979 0.09641
0.5050 3.05433 0.05924
0.5050 3.22886 0.03469
0.5050 3.40339 0.02063
0.5050 3.57792 0.01159
0.5050 3.75246 0.00698
0.5050 3.92699 0.00439
0.5050 4.10152 0.00288
0.5050 4.27606 0.00198
0.5050 4.45059 0.00160
0.5050 4.62512 0.00151
0.5050 4.79966 0.00146
0.5050 4.97419 0.00169
0.5050 5.14872 0.00213
0.5050 5.32325 0.00297
0.5050 5.49779 0.00433
0.5050 5.67232 0.00728
0.5050 5.84685 0.01176
0.5050 6.02139 0.02047
0.5050 6.19592 0.03560

0.5150 0.08727 0.06013
0.5150 0.26180 0.09636
0.5150 0.43633 0.14917
0.5150 0.61087 0.21673
0.5150 0.78540 0.29888
0.5150 0.95993 0.38691
0.5150 1.13446 0.47001
0.5150 1.30900 0.53485
0.5150 1.48353 0.56765
0.5150 1.65806 0.56789
0.5150 1.83260 0.53353
0.5150 2.00713 0.47111
0.5150 2.18166 0.38713
0.5150 2.35619 0.29925
0.5150 2.53073 0.21608
0.5150 2.70526 0.14763
0.5150 2.87979 0.09550
0.5150 3.05433 0.05839
0.5150 3.22886 0.03452
0.5150 3.40339 0.02006
0.5150 3.57792 0.01171
0.5150 3.75246 0.00694
0.5150 3.92699 0.00427
0.5150 4.10152 0.00288
0.5150 4.27606 0.00208
0.5150 4.45059 0.00158
0.5150 4.62512 0.00131
0.5150 4.79966 0.00132
0.5150 4.97419 0.00152
0.5150 5.14872 0.00200
0.5150 5.32325 0.00269
0.5150 5.49779 0.00430
0.5150 5.67232 0.00767
0.5150 5.84685 0.01194
0.5150 6.02139 0.02052
0.5150 6.19592 0.03506

0.5250 0.08727 0.05886
0.5250 0.26180 0.09522
0.5250 0.43633 0.14797
0.5250 0.61087 0.21648
0.5250 0.78540 0.29841
0.5250 0.95993 0.38722
0.5250 1.13446 0.47180
0.5250 1.30900 0.53586
0.5250 1.48353 0.56938
0.5250 1.65806 0.56851
0.5250 1.83260 0.53322
0.5250 2.00713 0.47036
0.5250 2.18166 0.38709
0.5250 2.35619 0.29855
0.5250 2.53073 0.21585
0.5250 2.70526 0.14769
0.5250 2.87979 0.09583
0.5250 3.05433 0.05860
0.5250 3.22886 0.03479
0.5250 3.40339 0.02043
0.5250 3.57792 0.01196
0.5250 3.75246 0.00684
0.5250 3.92699 0.00428
0.5250 4.10152 0.00267
0.5250 4.27606 0.00196
0.5250 4.45059 0.00149
0.5250 4.62512 0.00139
0.5250 4.79966 0.00138
0.5250 4.97419 0.00152
0.5250 5.14872 0.00203
0.5250 5.32325 0.00293
0.5250 5.49779 0.00447
0.5250 5.67232 0.00706
0.5250 5.84685 0.01211
0.5250 6.02139 0.02056
0.5250 6.19592 0.03479

0.5350 0.08727 0.05898
0.5350 0.26180 0.09489
0.5350 0.43633 0.14637
0.5350 0.61087 0.21696
0.5350 0.78540 0.29883
0.5350 0.95993 0.38936
0.5350 1.13446 0.47042
0.5350 1.30900 0.53458
0.5350 1.48353 0.56970
0.5350 1.65806 0.56846
0.5350 1.83260 0.53523
0.5350 2.00713 0.47106
0.5350 2.18166 0.38663
0.5350 2.35619 0.29961
0.5350 2.53073 0.21561
0.5350 2.70526 0.14768
0.5350 2.87979 0.09506
0.5350 3.05433 0.05788
0.5350 3.22886 0.03508
0.5350 3.40339 0.02038
0.5350 3.57792 0.01161
0.5350 3.75246 0.00677
0.5350 3.92699 0.00414
0.5350 4.10152 0.00274
0.5350 4.27606 0.00197
0.5350 4.45059 0.00166
0.5350 4.62512 0.00148
0.5350 4.79966 0.00138
0.5350 4.97419 0.00158
0.5350 5.14872 0.00215
0.5350 5.32325 0.00279
0.5350 5.49779 0.00435
0.5350 5.67232 0.00693
0.5350 5.84685 0.01195
0.5350 6.02139 0.02024
0.5350 6.19592 0.03507

0.5450 0.08727 0.05844
0.5450 0.26180 0.09497
0.5450 0.43633 0.14626
0.5450 0.61087 0.21504
0.5450 0.78540 0.29806
0.5450 0.95993 0.38650
0.5450 1.13446 0.47004
0.5450 1.30900 0.53760
0.5450 1.48353 0.57069
0.5450 1.65806 0.56927
0.5450 1.83260 0.53471
0.5450 2.00713 0.47327
0.5450 2.18166 0.38499
0.5450 2.35619 0.29993
0.5450 2.53073 0.21726
0.5450 2.70526 0.14745
0.5450 2.87979 0.09431
0.5450 3.05433 0.05858
0.5450 3.22886 0.03484
0.5450 3.40339 0.02060
0.5450 3.57792 0.01152
0.5450 3.75246 0.00705
0.5450 3.92699 0.00437
0.5450 4.10152 0.00290
0.5450 4.27606 0.00204
0.5450 4.45059 0.00168
0.5450 4.62512 0.00143
0.5450 4.79966 0.00139
0.5450 4.97419 0.00168
0.5450 5.14872 0.00202
0.5450 5.32325 0.00281
0.5450 5.49779 0.00431
0.5450 5.67232 0.00697
0.5450 5.84685 0.01156
0.5450 6.02139 0.02018
0.5450 6.19592 0.03487

0.5550 0.08727 0.05797
0.5550 0.26180 0.09451
0.5550 0.43633 0.14661
0.5550 0.61087 0.21723
0.5550 0.78540 0.29697
0.5550 0.95993 0.38627
0.5550 1.13446 0.47192
0.5550 1.30900 0.53700
0.5550 1.48353 0.57295
0.5550 1.65806 0.57103
0.5550 1.83260 0.53802
0.5550 2.00713 0.46823
0.5550 2.18166 0.38733
0.5550 2.35619 0.29624
0.5550 2.53073 0.21562
0.5550 2.70526 0.14715
0.5550 2.87979 0.09505
0.5550 3.05433 0.05733
0.5550 3.22886 0.03486
0.5550 3.40339 0.02013
0.5550 3.57792 0.01185
0.5550 3.75246 0.00697
0.5550 3.92699 0.00433
0.5550 4.10152 0.00294
0.5550 4.27606 0.00210
0.5550 4.45059 0.00167
0.5550 4.62512 0.00151
0.5550 4.79966 0.00163
0.5550 4.97419 0.00162
0.5550 5.14872 0.00216
0.5550 5.32325 0.00289
0.5550 5.49779 0.00439
0.5550 5.67232 0.00680
0.5550 5.84685 0.01160
0.5550 6.02139 0.02017
0.5550 6.19592 0.03455

0.5650 0.08727 0.05847
0.5650 0.26180 0.09469
0.5650 0.43633 0.14685
0.5650 0.61087 0.21687
0.5650 0.78540 0.29652
0.5650 0.95993 0.38784
0.5650 1.13446 0.47113
0.5650 1.30900 0.53876
0.5650 1.48353 0.57478
0.5650 1.65806 0.57252
0.5650 1.83260 0.53652
0.5650 2.00713 0.47128
0.5650 2.18166 0.38590
0.5650 2.35619 0.29674
0.5650 2.53073 0.21359
0.5650 2.70526 0.14630
0.5650 2.87979 0.09356
0.5650 3.05433 0.05801
0.5650 3.22886 0.03385
0.5650 3.40339 0.01960
0.5650 3.57792 0.01155
0.5650 3.75246 0.00686
0.5650 3.92699 0.00429
0.5650 4.10152 0.00288
0.5650 4.27606 0.00188
0.5650 4.45059 0.00170
0.5650 4.62512 0.00131
0.5650 4.79966 0.00143
0.5650 4.97419 0.00150
0.5650 5.14872 0.00201
0.5650 5.32325 0.00290
0.5650 5.49779 0.00410
0.5650 5.67232 0.00698
0.5650 5.84685 0.01184
0.5650 6.02139 0.02020
0.5650 6.19592 0.03434

0.5750 0.08727 0.05731
0.5750 0.26180 0.09351
0.5750 0.43633 0.14686
0.5750 0.61087 0.21560
0.5750 0.78540 0.29627
0.5750 0.95993 0.38906
0.5750 1.13446 0.47369
0.5750 1.30900 0.53863
0.5750 1.48353 0.57577
0.5750 1.65806 0.57323
0.5750 1.83260 0.53804
0.5750 2.00713 0.46989
0.5750 2.18166 0.38589
0.5750 2.35619 0.29616
0.5750 2.53073 0.21445
0.5750 2.70526 0.14512
0.5750 2.87979 0.09305
0.5750 3.05433 0.05779
0.5750 3.22886 0.03391
0.5750 3.40339 0.01949
0.5750 3.57792 0.01151
0.5750 3.75246 0.00667
0.5750 3.92699 0.00420
0.5750 4.10152 0.00264
0.5750 4.27606 0.00205
0.5750 4.45059 0.00155
0.5750 4.62512 0.00139
0.5750 4.79966 0.00142
0.5750 4.97419 0.00164
0.5750 5.14872 0.00206
0.5750 5.32325 0.00289
0.5750 5.49779 0.00423
0.5750 5.67232 0.00697
0.5750 5.84685 0.01184
0.5750 6.02139 0.02013
0.5750 6.19592 0.03466

0.5850 0.08727 0.05775
0.5850 0.26180 0.09450
0.5850 0.43633 0.14595
0.5850 0.61087 0.21301
0.5850 0.78540 0.29697
0.5850 0.95993 0.38711
0.5850 1.13446 0.47007
0.5850 1.30900 0.53987
0.5850 1.48353 0.57505
0.5850 1.65806 0.57492
0.5850 1.83260 0.53955
0.5850 2.00713 0.47108
0.5850 2.18166 0.38628
0.5850 2.35619 0.29701
0.5850 2.53073 0.21337
0.5850 2.70526 0.14552
0.5850 2.87979 0.09411
0.5850 3.05433 0.05736
0.5850 3.22886 0.03444
0.5850 3.40339 0.01988
0.5850 3.57792 0.01132
0.5850 3.75246 0.00703
0.5850 3.92699 0.00423
0.5850 4.10152 0.00263
0.5850 4.27606 0.00192
0.5850 4.45059 0.00159
0.5850 4.62512 0.00139
0.5850 4.79966 0.00140
0.5850 4.97419 0.00161
0.5850 5.14872 0.00212
0.5850 5.32325 0.00285
0.5850 5.49779 0.00435
0.5850 5.67232 0.00691
0.5850 5.84685 0.01178
0.5850 6.02139 0.02040
0.5850 6.19592 0.03422

0.5950 0.08727 0.05708
0.5950 0.26180 0.09359
0.5950 0.43633 0.14470
0.5950 0.61087 0.21383
0.5950 0.78540 0.29619
0.5950 0.95993 0.38642
0.5950 1.13446 0.47328
0.5950 1.30900 0.54049
0.5950 1.48353 0.57716
0.5950 1.65806 0.57620
0.5950 1.83260 0.53997
0.5950 2.00713 0.47111
0.5950 2.18166 0.38528
0.5950 2.35619 0.29584
0.5950 2.53073 0.21353
0.5950 2.70526 0.14562
0.5950 2.87979 0.09358
0.5950 3.05433 0.05707
0.5950 3.22886 0.03423
0.5950 3.40339 0.01976
0.5950 3.57792 0.01149
0.5950 3.75246 0.00666
0.5950 3.92699 0.00436
0.5950 4.10152 0.00278
0.5950 4.27606 0.00190
0.5950 4.45059 0.00163
0.5950 4.62512 0.00143
0.5950 4.79966 0.00148
0.5950 4.97419 0.00170
0.5950 5.14872 0.00211
0.5950 5.32325 0.00276
0.5950 5.49779 0.00420
0.5950 5.67232 0.00692
0.5950 5.84685 0.01159
0.5950 6.02139 0.01978
0.5950 6.19592 0.03389

0.6050 0.08727 0.05743
0.6050 0.26180 0.09265
0.6050 0.43633 0.14460
0.6050 0.61087 0.21178
0.6050 0.78540 0.29742
0.6050 0.95993 0.38567
0.6050 1.13446 0.47305
0.6050 1.30900 0.54113
0.6050 1.48353 0.57889
0.6050 1.65806 0.57888
0.6050 1.83260 0.53962
0.6050 2.00713 0.47062
0.6050 2.18166 0.38556
0.6050 2.35619 0.29540
0.6050 2.53073 0.21258
0.6050 2.70526 0.14530
0.6050 2.87979 0.09237
0.6050 3.05433 0.05732
0.6050 3.22886 0.03430
0.6050 3.40339 0.01999
0.6050 3.57792 0.01138
0.6050 3.75246 0.00695
0.6050 3.92699 0.00420
0.6050 4.10152 0.00283
0.6050 4.27606 0.00218
0.6050 4.45059 0.00182
0.6050 4.62512 0.00152
0.6050 4.79966 0.00157
0.6050 4.97419 0.00159
0.6050 5.14872 0.00210
0.6050 5.32325 0.00279
0.6050 5.49779 0.00411
0.6050 5.67232 0.00693
0.6050 5.84685 0.01174
0.6050 6.02139 0.01963
0.6050 6.19592 0.03368

0.6150 0.08727 0.05662
0.6150 0.26180 0.09265
0.6150 0.43633 0.14351
0.6150 0.61087 0.21359
0.6150 0.78540 0.29558
0.6150 0.95993 0.38577
0.6150 1.13446 0.47278
0.6150 1.30900 0.54161
0.6150 1.48353 0.58058
0.6150 1.65806 0.58068
0.6150 1.83260 0.54311
0.6150 2.00713 0.47248
0.6150 2.18166 0.38453
0.6150 2.35619 0.29299
0.6150 2.53073 0.21210
0.6150 2.70526 0.14351
0.6150 2.87979 0.09213
0.6150 3.05433 0.05690
0.6150 3.22886 0.03393
0.6150 3.40339 0.01955
0.6150 3.57792 0.01147
0.6150 3.75246 0.00667
0.6150 3.92699 0.00434
0.6150 4.10152 0.00285
0.6150 4.27606 0.00215
0.6150 4.45059 0.00163
0.6150 4.62512 0.00152
0.6150 4.79966 0.00160
0.6150 4.97419 0.00170
0.6150 5.14872 0.00202
0.6150 5.32325 0.00288
0.6150 5.49779 0.00426
0.6150 5.67232 0.00696
0.6150 5.84685 0.01156
0.6150 6.02139 0.01953
0.6150 6.19592 0.03384

0.6250 0.08727 0.05574
0.6250 0.26180 0.09202
0.6250 0.43633 0.14265
0.6250 0.61087 0.21101
0.6250 0.78540 0.29551
0.6250 0.95993 0.38411
0.6250 1.13446 0.47394
0.6250 1.30900 0.54381
0.6250 1.48353 0.58213
0.6250 1.65806 0.58294
0.6250 1.83260 0.54529
0.6250 2.00713 0.47179
0.6250 2.18166 0.38531
0.6250 2.35619 0.29387
0.6250 2.53073 0.21116
0.6250 2.70526 0.14294
0.6250 2.87979 0.09096
0.6250 3.05433 0.05635
0.6250 3.22886 0.03364
0.6250 3.40339 0.01962
0.6250 3.57792 0.01135
0.6250 3.75246 0.00673
0.6250 3.92699 0.00443
0.6250 4.10152 0.00295
0.6250 4.27606 0.00220
0.6250 4.45059 0.00175
0.6250 4.62512 0.00148
0.6250 4.79966 0.00158
0.6250 4.97419 0.00180
0.6250 5.14872 0.00217
0.6250 5.32325 0.00299
0.6250 5.49779 0.00436
0.6250 5.67232 0.00687
0.6250 5.84685 0.01130
0.6250 6.02139 0.01976
0.6250 6.19592 0.03306

0.6350 0.08727 0.05659
0.6350 0.26180 0.09211
0.6350 0.43633 0.14200
0.6350 0.61087 0.20982
0.6350 0.78540 0.29311
0.6350 0.95993 0.38479
0.6350 1.13446 0.47394
0.6350 1.30900 0.54648
0.6350 1.48353 0.58416
0.6350 1.65806 0.58484
0.6350 1.83260 0.54568
0.6350 2.00713 0.47338
0.6350 2.18166 0.38358
0.6350 2.35619 0.29318
0.6350 2.53073 0.20963
0.6350 2.70526 0.14251
0.6350 2.87979 0.09142
0.6350 3.05433 0.05581
0.6350 3.22886 0.03323
0.6350 3.40339 0.01940
0.6350 3.57792 0.01120
0.6350 3.75246 0.00693
0.6350 3.92699 0.00435
0.6350 4.10152 0.00287
0.6350 4.27606 0.00224
0.6350 4.45059 0.00179
0.6350 4.62512 0.00158
0.6350 4.79966 0.00156
0.6350 4.97419 0.00168
0.6350 5.14872 0.00212
0.6350 5.32325 0.00306
0.6350 5.49779 0.00449
0.6350 5.67232 0.00682
0.6350 5.84685 0.01137
0.6350 6.02139 0.01896
0.6350 6.19592 0.03287

0.6450 0.08727 0.05554
0.6450 0.26180 0.08985
0.6450 0.43633 0.14062
0.6450 0.61087 0.20876
0.6450 0.78540 0.29179
0.6450 0.95993 0.38370
0.6450 1.13446 0.47526
0.6450 1.30900 0.54733
0.6450 1.48353 0.58626
0.6450 1.65806 0.58659
0.6450 1.83260 0.54652
0.6450 2.00713 0.47524
0.6450 2.18166 0.38505
0.6450 2.35619 0.29369
0.6450 2.53073 0.21028
0.6450 2.70526 0.14136
0.6450 2.87979 0.09060
0.6450 3.05433 0.05514
0.6450 3.22886 0.03281
0.6450 3.40339 0.01979
0.6450 3.57792 0.01125
0.6450 3.75246 0.00681
0.6450 3.92699 0.00438
0.6450 4.10152 0.00285
0.6450 4.27606 0.00211
0.6450 4.45059 0.00168
0.6450 4.62512 0.00142
0.6450 4.79966 0.00149
0.6450 4.97419 0.00174
0.6450 5.14872 0.00205
0.6450 5.32325 0.00287
0.6450 5.49779 0.00404
0.6450 5.67232 0.00672
0.6450 5.84685 0.01151
0.6450 6.02139 0.01911
0.6450 6.19592 0.03336

0.6550 0.08727 0.05468
0.6550 0.26180 0.08877
0.6550 0.43633 0.13933
0.6550 0.61087 0.20888
0.6550 0.78540 0.29081
0.6550 0.95993 0.38474
0.6550 1.13446 0.47366
0.6550 1.30900 0.54836
0.6550 1.48353 0.59026
0.6550 1.65806 0.58960
0.6550 1.83260 0.54904
0.6550 2.00713 0.47596
0.6550 2.18166 0.38416
0.6550 2.35619 0.29282
0.6550 2.53073 0.20843
0.6550 2.70526 0.14088
0.6550 2.87979 0.09015
0.6550 3.05433 0.05553
0.6550 3.22886 0.03281
0.6550 3.40339 0.01925
0.6550 3.57792 0.01125
0.6550 3.75246 0.00672
0.6550 3.92699 0.00421
0.6550 4.10152 0.00282
0.6550 4.27606 0.00210
0.6550 4.45059 0.00166
0.6550 4.62512 0.00156
0.6550 4.79966 0.00154
0.6550 4.97419 0.00175
0.6550 5.14872 0.00213
0.6550 5.32325 0.00284
0.6550 5.49779 0.00403
0.6550 5.67232 0.00657
0.6550 5.84685 0.01107
0.6550 6.02139 0.01869
0.6550 6.19592 0.03249

0.6650 0.08727 0.05511
0.6650 0.26180 0.08906
0.6650 0.43633 0.13876
0.6650 0.61087 0.20494
0.6650 0.78540 0.28874
0.6650 0.95993 0.38305
0.6650 1.13446 0.47313
0.6650 1.30900 0.55029
0.6650 1.48353 0.59272
0.6650 1.65806 0.59197
0.6650 1.83260 0.55315
0.6650 2.00713 0.47761
0.6650 2.18166 0.38508
0.6650 2.35619 0.29043
0.6650 2.53073 0.20851
0.6650 2.70526 0.13911
0.6650 2.87979 0.08981
0.6650 3.05433 0.05466
0.6650 3.22886 0.03217
0.6650 3.40339 0.01901
0.6650 3.57792 0.01091
0.6650 3.75246 0.00684
0.6650 3.92699 0.00437
0.6650 4.10152 0.00284
0.6650 4.27606 0.00219
0.6650 4.45059 0.00170
0.6650 4.62512 0.00155
0.6650 4.79966 0.00153
0.6650 4.97419 0.00169
0.6650 5.14872 0.00208
0.6650 5.32325 0.00291
0.6650 5.49779 0.00442
0.6650 5.67232 0.00659
0.6650 5.84685 0.01131
0.6650 6.02139 0.01932
0.6650 6.19592 0.03202

0.6750 0.08727 0.05367
0.6750 0.26180 0.08825
0.6750 0.43633 0.13797
0.6750 0.61087 0.20512
0.6750 0.78540 0.28863
0.6750 0.95993 0.38226
0.6750 1.13446 0.47446
0.6750 1.30900 0.55445
0.6750 1.48353 0.59489
0.6750 1.65806 0.59657
0.6750 1.83260 0.55378
0.6750 2.00713 0.47773
0.6750 2.18166 0.38256
0.6750 2.35619 0.28965
0.6750 2.53073 0.20594
0.6750 2.70526 0.13823
0.6750 2.87979 0.08910
0.6750 3.05433 0.05386
0.6750 3.22886 0.03206
0.6750 3.40339 0.01874
0.6750 3.57792 0.01089
0.6750 3.75246 0.00668
0.6750 3.92699 0.00430
0.6750 4.10152 0.00281
0.6750 4.27606 0.00213
0.6750 4.45059 0.00189
0.6750 4.62512 0.00159
0.6750 4.79966 0.00157
0.6750 4.97419 0.00176
0.6750 5.14872 0.00212
0.6750 5.32325 0.00275
0.6750 5.49779 0.00429
0.6750 5.67232 0.00691
0.6750 5.84685 0.01117
0.6750 6.02139 0.01876
0.6750 6.19592 0.03201

0.6850 0.08727 0.05319
0.6850 0.26180 0.08639
0.6850 0.43633 0.13639
0.6850 0.61087 0.20291
0.6850 0.78540 0.28734
0.6850 0.95993 0.38203
0.6850 1.13446 0.47962
0.6850 1.30900 0.55671
0.6850 1.48353 0.60072
0.6850 1.65806 0.59869
0.6850 1.83260 0.55770
0.6850 2.00713 0.47708
0.6850 2.18166 0.38120
0.6850 2.35619 0.28890
0.6850 2.53073 0.20451
0.6850 2.70526 0.13614
0.6850 2.87979 0.08690
0.6850 3.05433 0.05344
0.6850 3.22886 0.03139
0.6850 3.40339 0.01847
0.6850 3.57792 0.01079
0.6850 3.75246 0.00656
0.6850 3.92699 0.00429
0.6850 4.10152 0.00291
0.6850 4.27606 0.00199
0.6850 4.45059 0.00174
0.6850 4.62512 0.00159
0.6850 4.79966 0.00158
0.6850 4.97419 0.00181
0.6850 5.14872 0.00223
0.6850 5.32325 0.00290
0.6850 5.49779 0.00421
0.6850 5.67232 0.00681
0.6850 5.84685 0.01109
0.6850 6.02139 0.01801
0.6850 6.19592 0.03137

0.6950 0.08727 0.05179
0.6950 0.26180 0.08508
0.6950 0.43633 0.13391
0.6950 0.61087 0.20192
0.6950 0.78540 0.28569
0.6950 0.95993 0.38597
0.6950 1.13446 0.48081
0.6950 1.30900 0.55951
0.6950 1.48353 0.60401
0.6950 1.65806 0.60375
0.6950 1.83260 0.55894
0.6950 2.00713 0.47946
0.6950 2.18166 0.38341
0.6950 2.35619 0.28574
0.6950 2.53073 0.20200
0.6950 2.70526 0.13354
0.6950 2.87979 0.08554
0.6950 3.05433 0.05187
0.6950 3.22886 0.03060
0.6950 3.40339 0.01805
0.6950 3.57792 0.01050
0.6950 3.75246 0.00665
0.6950 3.92699 0.00401
0.6950 4.10152 0.00279
0.6950 4.27606 0.00192
0.6950 4.45059 0.00179
0.6950 4.62512 0.00160
0.6950 4.79966 0.00154
0.6950 4.97419 0.00186
0.6950 5.14872 0.00213
0.6950 5.32325 0.00289
0.6950 5.49779 0.00408
0.6950 5.67232 0.00635
0.6950 5.84685 0.01055
0.6950 6.02139 0.01819
0.6950 6.19592 0.03115

0.7050 0.08727 0.05094
0.7050 0.26180 0.08497
0.7050 0.43633 0.13324
0.7050 0.61087 0.20176
0.7050 0.78540 0.28535
0.7050 0.95993 0.38243
0.7050 1.13446 0.48100
0.7050 1.30900 0.56237
0.7050 1.48353 0.60766
0.7050 1.65806 0.60772
0.7050 1.83260 0.56429
0.7050 2.00713 0.48074
0.7050 2.18166 0.38222
0.7050 2.35619 0.28402
0.7050 2.53073 0.19852
0.7050 2.70526 0.13294
0.7050 2.87979 0.08412
0.7050 3.05433 0.05104
0.7050 3.22886 0.03023
0.7050 3.40339 0.01756
0.7050 3.57792 0.01064
0.7050 3.75246 0.00620
0.7050 3.92699 0.00416
0.7050 4.10152 0.00294
0.7050 4.27606 0.00233
0.7050 4.45059 0.00172
0.7050 4.62512 0.00162
0.7050 4.79966 0.00153
0.7050 4.97419 0.00172
0.7050 5.14872 0.00217
0.7050 5.32325 0.00276
0.7050 5.49779 0.00410
0.7050 5.67232 0.00637
0.7050 5.84685 0.01036
0.7050 6.02139 0.01732
0.7050 6.19592 0.03050

0.7150 0.08727 0.04999
0.7150 0.26180 0.08229
0.7150 0.43633 0.13138
0.7150 0.61087 0.19730
0.7150 0.78540 0.28193
0.7150 0.95993 0.38342
0.7150 1.13446 0.48422
0.7150 1.30900 0.56681
0.7150 1.48353 0.61307
0.7150 1.65806 0.61240
0.7150 1.83260 0.56808
0.7150 2.00713 0.48301
0.7150 2.18166 0.38031
0.7150 2.35619 0.28181
0.7150 2.53073 0.19779
0.7150 2.70526 0.13006
0.7150 2.87979 0.08298
0.7150 3.05433 0.04996
0.7150 3.22886 0.02938
0.7150 3.40339 0.01760
0.7150 3.57792 0.01058
0.7150 3.75246 0.00652
0.7150 3.92699 0.00415
0.7150 4.10152 0.00285
0.7150 4.27606 0.00208
0.7150 4.45059 0.00177
0.7150 4.62512 0.00176
0.7150 4.79966 0.00162
0.7150 4.97419 0.00190
0.7150 5.14872 0.00224
0.7150 5.32325 0.00290
0.7150 5.49779 0.00423
0.7150 5.67232 0.00644
0.7150 5.84685 0.01007
0.7150 6.02139 0.01745
0.7150 6.19592 0.02922

0.7250 0.08727 0.04918
0.7250 0.26180 0.08089
0.7250 0.43633 0.12884
0.7250 0.61087 0.19474
0.7250 0.78540 0.28147
0.7250 0.95993 0.38216
0.7250 1.13446 0.48485
0.7250 1.30900 0.57200
0.7250 1.48353 0.61462
0.7250 1.65806 0.61666
0.7250 1.83260 0.57304
0.7250 2.00713 0.48407
0.7250 2.18166 0.38037
0.7250 2.35619 0.28060
0.7250 2.53073 0.19502
0.7250 2.70526 0.12825
0.7250 2.87979 0.08101
0.7250 3.05433 0.04870
0.7250 3.22886 0.02975
0.7250 3.40339 0.01724
0.7250 3.57792 0.01055
0.7250 3.75246 0.00672
0.7250 3.92699 0.00410
0.7250 4.10152 0.00305
0.7250 4.27606 0.00216
0.7250 4.45059 0.00193
0.7250 4.62512 0.00161
0.7250 4.79966 0.00157
0.7250 4.97419 0.00171
0.7250 5.14872 0.00221
0.7250 5.32325 0.00278
0.7250 5.49779 0.00404
0.7250 5.67232 0.00641
0.7250 5.84685 0.01056
0.7250 6.02139 0.01754
0.7250 6.19592 0.02919

0.7350 0.08727 0.04773
0.7350 0.26180 0.07979
0.7350 0.43633 0.12568
0.7350 0.61087 0.19328
0.7350 0.78540 0.28039
0.7350 0.95993 0.38079
0.7350 1.13446 0.48779
0.7350 1.30900 0.57458
0.7350 1.48353 0.62090
0.7350 1.65806 0.61931
0.7350 1.83260 0.57466
0.7350 2.00713 0.48433
0.7350 2.18166 0.38036
0.7350 2.35619 0.28066
0.7350 2.53073 0.19269
0.7350 2.70526 0.12562
0.7350 2.87979 0.08031
0.7350 3.05433 0.04862
0.7350 3.22886 0.02846
0.7350 3.40339 0.01704
0.7350 3.57792 0.01019
0.7350 3.75246 0.00667
0.7350 3.92699 0.00440
0.7350 4.10152 0.00294
0.7350 4.27606 0.00236
0.7350 4.45059 0.00206
0.7350 4.62512 0.00179
0.7350 4.79966 0.00190
0.7350 4.97419 0.00194
0.7350 5.14872 0.00236
0.7350 5.32325 0.00285
0.7350 5.49779 0.00429
0.7350 5.67232 0.00651
0.7350 5.84685 0.01023
0.7350 6.02139 0.01712
0.7350 6.19592 0.02898

0.7450 0.08727 0.04751
0.7450 0.26180 0.07714
0.7450 0.43633 0.12546
0.7450 0.61087 0.19031
0.7450 0.78540 0.27835
0.7450 0.95993 0.38279
0.7450 1.13446 0.48914
0.7450 1.30900 0.57579
0.7450 1.48353 0.61984
0.7450 1.65806 0.61988
0.7450 1.83260 0.57460
0.7450 2.00713 0.48711
0.7450 2.18166 0.38313
0.7450 2.35619 0.27796
0.7450 2.53073 0.19113
0.7450 2.70526 0.12594
0.7450 2.87979 0.07960
0.7450 3.05433 0.04698
0.7450 3.22886 0.02805
0.7450 3.40339 0.01729
0.7450 3.57792 0.01038
0.7450 3.75246 0.00723
0.7450 3.92699 0.00485
0.7450 4.10152 0.00343
0.7450 4.27606 0.00250
0.7450 4.45059 0.00228
0.7450 4.62512 0.00231
0.7450 4.79966 0.00220
0.7450 4.97419 0.00229
0.7450 5.14872 0.00286
0.7450 5.32325 0.00338
0.7450 5.49779 0.00444
0.7450 5.67232 0.00688
0.7450 5.84685 0.01070
0.7450 6.02139 0.01708
0.7450 6.19592 0.02879

0.7550 0.08727 0.04798
0.7550 0.26180 0.07748
0.7550 0.43633 0.12431
0.7550 0.61087 0.18893
0.7550 0.78540 0.27777
0.7550 0.95993 0.38502
0.7550 1.13446 0.49350
0.7550 1.30900 0.57160
0.7550 1.48353 0.61027
0.7550 1.65806 0.61047
0.7550 1.83260 0.57390
0.7550 2.00713 0.49161
0.7550 2.18166 0.38532
0.7550 2.35619 0.28231
0.7550 2.53073 0.19126
0.7550 2.70526 0.12568
0.7550 2.87979 0.07693
0.7550 3.05433 0.04820
0.7550 3.22886 0.02866
0.7550 3.40339 0.01745
0.7550 3.57792 0.01150
0.7550 3.75246 0.00769
0.7550 3.92699 0.00550
0.7550 4.10152 0.00427
0.7550 4.27606 0.00358
0.7550 4.45059 0.00297
0.7550 4.62512 0.00280
0.7550 4.79966 0.00275
0.7550 4.97419 0.00315
0.7550 5.14872 0.00315
0.7550 5.32325 0.00433
0.7550 5.49779 0.00547
0.7550 5.67232 0.00709
0.7550 5.84685 0.01150
0.7550 6.02139 0.01721
0.7550 6.19592 0.02800

0.7650 0.08727 0.04812
0.7650 0.26180 0.07939
0.7650 0.43633 0.12835
0.7650 0.61087 0.19986
0.7650 0.78540 0.28791
0.7650 0.95993 0.39243
0.7650 1.13446 0.48993
0.7650 1.30900 0.55487
0.7650 1.48353 0.58168
0.7650 1.65806 0.58153
0.7650 1.83260 0.55606
0.7650 2.00713 0.49336
0.7650 2.18166 0.39727
0.7650 2.35619 0.28894
0.7650 2.53073 0.20002
0.7650 2.70526 0.12904
0.7650 2.87979 0.08154
0.7650 3.05433 0.04998
0.7650 3.22886 0.03096
0.7650 3.40339 0.01985
0.7650 3.57792 0.01282
0.7650 3.75246 0.00896
0.7650 3.92699 0.00633
0.7650 4.10152 0.00497
0.7650 4.27606 0.00481
0.7650 4.45059 0.00422
0.7650 4.62512 0.00381
0.7650 4.79966 0.00410
0.7650 4.97419 0.00370
0.7650 5.14872 0.00407
0.7650 5.32325 0.00511
0.7650 5.49779 0.00664
0.7650 5.67232 0.00836
0.7650 5.84685 0.01168
0.7650 6.02139 0.01900
0.7650 6.19592 0.02990

0.7750 0.08727 0.06021
0.7750 0.26180 0.09906
0.7750 0.43633 0.15396
0.7750 0.61087 0.23129
0.7750 0.78540 0.32813
0.7750 0.95993 0.41438
0.7750 1.13446 0.47705
0.7750 1.30900 0.49190
0.7750 1.48353 0.49364
0.7750 1.65806 0.49829
0.7750 1.83260 0.49151
0.7750 2.00713 0.47733
0.7750 2.18166 0.41397
0.7750 2.35619 0.32447
0.7750 2.53073 0.22994
0.7750 2.70526 0.15345
0.7750 2.87979 0.09921
0.7750 3.05433 0.05899
0.7750 3.22886 0.03729
0.7750 3.40339 0.02285
0.7750 3.57792 0.01579
0.7750 3.75246 0.01109
0.7750 3.92699 0.00792
0.7750 4.10152 0.00667
0.7750 4.27606 0.00590
0.7750 4.45059 0.00483
0.7750 4.62512 0.00460
0.7750 4.79966 0.00417
0.7750 4.97419 0.00468
0.7750 5.14872 0.00519
0.7750 5.32325 0.00731
0.7750 5.49779 0.00848
0.7750 5.67232 0.01130
0.7750 5.84685 0.01444
0.7750 6.02139 0.02280
0.7750 6.19592 0.03749

0.7850 0.08727 0.11188
0.7850 0.26180 0.17310
0.7850 0.43633 0.25708
0.7850 0.61087 0.36271
0.7850 0.78540 0.44763
0.7850 0.95993 0.45827
0.7850 1.13446 0.36570
0.7850 1.30900 0.28013
0.7850 1.48353 0.23403
0.7850 1.65806 0.24224
0.7850 1.83260 0.27808
0.7850 2.00713 0.35851
0.7850 2.18166 0.43718
0.7850 2.35619 0.43214
0.7850 2.53073 0.35049
0.7850 2.70526 0.25783
0.7850 2.87979 0.17655
0.7850 3.05433 0.11739
0.7850 3.22886 0.06952
0.7850 3.40339 0.04190
0.7850 3.57792 0.02874
0.7850 3.75246 0.01605
0.7850 3.92699 0.01250
0.7850 4.10152 0.00812
0.7850 4.27606 0.00485
0.7850 4.45059 0.00327
0.7850 4.62512 0.00261
0.7850 4.79966 0.00252
0.7850 4.97419 0.00327
0.7850 5.14872 0.00653
0.7850 5.32325 0.00952
0.7850 5.49779 0.01316
0.7850 5.67232 0.02118
0.7850 5.84685 0.02893
0.7850 6.02139 0.04638
0.7850 6.19592 0.06961

0.7950 0.08727 0.29942
0.7950 0.26180 0.43610
0.7950 0.43633 0.53346
0.7950 0.61087 0.55266
0.7950 0.78540 0.42238
0.7950 0.95993 0.17782
0.7950 1.13446 0.03154
0.7950 1.30900 0.00000
0.7950 1.48353 0.00046
0.7950 1.65806 0.00046
0.7950 1.83260 0.00137
0.7950 2.00713 0.03337
0.7950 2.18166 0.17051
0.7950 2.35619 0.41370
0.7950 2.53073 0.54352
0.7950 2.70526 0.51746
0.7950 2.87979 0.42558
0.7950 3.05433 0.28387
0.7950 3.22886 0.19793
0.7950 3.40339 0.10651
0.7950 3.57792 0.07314
0.7950 3.75246 0.03337
0.7950 3.92699 0.01051
0.7950 4.10152 0.00457
0.7950 4.27606 0.00183
0.7950 4.45059 0.00091
0.7950 4.62512 0.00046
0.7950 4.79966 0.00000
0.7950 4.97419 0.00091
0.7950 5.14872 0.00137
0.7950 5.32325 0.00594
0.7950 5.49779 0.01874
0.7950 5.67232 0.03703
0.7950 5.84685 0.08274
0.7950 6.02139 0.12754
0.7950 6.19592 0.18239

0.8050 0.08727 0.55193
0.8050 0.26180 0.58948
0.8050 0.43633 0.63328
0.8050 0.61087 0.37421
0.8050 0.78540 0.07259
0.8050 0.95993 0.00125
0.8050 1.13446 0.00000
0.8050 1.30900 0.00000
0.8050 1.48353 0.00125
0.8050 1.65806 0.00000
0.8050 1.83260 0.00000
0.8050 2.00713 0.00125
0.8050 2.18166 0.00000
0.8050 2.35619 0.06383
0.8050 2.53073 0.34918
0.8050 2.70526 0.54818
0.8050 2.87979 0.62202
0.8050 3.05433 0.50562
0.8050 3.22886 0.31539
0.8050 3.40339 0.21527
0.8050 3.57792 0.10138
0.8050 3.75246 0.03504
0.8050 3.92699 0.00501
0.8050 4.10152 0.00125
0.8050 4.27606 0.00000
0.8050 4.45059 0.00125
0.8050 4.62512 0.00125
0.8050 4.79966 0.00000
0.8050 4.97419 0.00000
0.8050 5.14872 0.00000
0.8050 5.32325 0.00125
0.8050 5.49779 0.00501
0.8050 5.67232 0.03254
0.8050 5.84685 0.11389
0.8050 6.02139 0.24906
0.8050 6.19592 0.33792

0.8150 0.08727 0.50235
0.8150 0.26180 0.58569
0.8150 0.43633 0.53245
0.8150 0.61087 0.25696
0.8150 0.78540 0.06713
0.8150 0.95993 0.00000
0.8150 1.13446 0.00000
0.8150 1.30900 0.00000
0.8150 1.48353 0.00000
0.8150 1.65806 0.00000
0.8150 1.83260 0.00231
0.8150 2.00713 0.00231
0.8150 2.18166 0.00000
0.8150 2.35619 0.06019
0.8150 2.53073 0.28706
0.8150 2.70526 0.55328
0.8150 2.87979 0.67597
0.8150 3.05433 0.59495
0.8150 3.22886 0.40281
0.8150 3.40339 0.28937
0.8150 3.57792 0.12964
0.8150 3.75246 0.04861
0.8150 3.92699 0.00231
0.8150 4.10152 0.00000
0.8150 4.27606 0.00000
0.8150 4.45059 0.00000
0.8150 4.62512 0.00000
0.8150 4.79966 0.00000
0.8150 4.97419 0.00000
0.8150 5.14872 0.00000
0.8150 5.32325 0.00000
0.8150 5.49779 0.00231
0.8150 5.67232 0.03472
0.8150 5.84685 0.09954
0.8150 6.02139 0.20140
0.8150 6.19592 0.39818

0.8250 0.08727 0.37559
0.8250 0.26180 0.45660
0.8250 0.43633 0.47869
0.8250 0.61087 0.37927
0.8250 0.78540 0.23198
0.8250 0.95993 0.10679
0.8250 1.13446 0.00000
0.8250 1.30900 0.00368
0.8250 1.48353 0.00000
0.8250 1.65806 0.00736
0.8250 1.83260 0.00000
0.8250 2.00713 0.00736
0.8250 2.18166 0.08469
0.8250 2.35619 0.27985
0.8250 2.53073 0.40505
0.8250 2.70526 0.51920
0.8250 2.87979 0.49710
0.8250 3.05433 0.41609
0.8250 3.22886 0.30194
0.8250 3.40339 0.20989
0.8250 3.57792 0.13256
0.8250 3.75246 0.06628
0.8250 3.92699 0.01841
0.8250 4.10152 0.01105
0.8250 4.27606 0.00736
0.8250 4.45059 0.00000
0.8250 4.62512 0.00000
0.8250 4.79966 0.00000
0.8250 4.97419 0.00000
0.8250 5.14872 0.01105
0.8250 5.32325 0.01105
0.8250 5.49779 0.02578
0.8250 5.67232 0.06260
0.8250 5.84685 0.11415
0.8250 6.02139 0.19148
0.8250 6.19592 0.31667

0.8350 0.08727 0.15192
0.8350 0.26180 0.19750
0.8350 0.43633 0.30601
0.8350 0.61087 0.37546
0.8350 0.78540 0.32988
0.8350 0.95993 0.31686
0.8350 1.13446 0.36027
0.8350 1.30900 0.22137
0.8350 1.48353 0.16928
0.8350 1.65806 0.18230
0.8350 1.83260 0.18665
0.8350 2.00713 0.26261
0.8350 2.18166 0.38414
0.8350 2.35619 0.38414
0.8350 2.53073 0.33423
0.8350 2.70526 0.25175
0.8350 2.87979 0.21269
0.8350 3.05433 0.17796
0.8350 3.22886 0.11503
0.8350 3.40339 0.11720
0.8350 3.57792 0.07162
0.8350 3.75246 0.05209
0.8350 3.92699 0.06511
0.8350 4.10152 0.03690
0.8350 4.27606 0.01736
0.8350 4.45059 0.01085
0.8350 4.62512 0.00868
0.8350 4.79966 0.01085
0.8350 4.97419 0.01085
0.8350 5.14872 0.02170
0.8350 5.32325 0.01736
0.8350 5.49779 0.02821
0.8350 5.67232 0.04124
0.8350 5.84685 0.06294
0.8350 6.02139 0.08464
0.8350 6.19592 0.15192

0.8450 0.08727 0.08070
0.8450 0.26180 0.11166
0.8450 0.43633 0.16233
0.8450 0.61087 0.20925
0.8450 0.78540 0.29089
0.8450 0.95993 0.33030
0.8450 1.13446 0.44009
0.8450 1.30900 0.43821
0.8450 1.48353 0.44478
0.8450 1.65806 0.46073
0.8450 1.83260 0.44384
0.8450 2.00713 0.44196
0.8450 2.18166 0.38754
0.8450 2.35619 0.30309
0.8450 2.53073 0.24022
0.8450 2.70526 0.17266
0.8450 2.87979 0.12949
0.8450 3.05433 0.07976
0.8450 3.22886 0.06850
0.8450 3.40339 0.05255
0.8450 3.57792 0.03190
0.8450 3.75246 0.04316
0.8450 3.92699 0.02346
0.8450 4.10152 0.01501
0.8450 4.27606 0.02346
0.8450 4.45059 0.02064
0.8450 4.62512 0.02064
0.8450 4.79966 0.01220
0.8450 4.97419 0.01408
0.8450 5.14872 0.02158
0.8450 5.32325 0.02064
0.8450 5.49779 0.01689
0.8450 5.67232 0.02346
0.8450 5.84685 0.03003
0.8450 6.02139 0.05724
0.8450 6.19592 0.06662

0.8550 0.08727 0.06339
0.8550 0.26180 0.08262
0.8550 0.43633 0.11795
0.8550 0.61087 0.20732
0.8550 0.78540 0.27850
0.8550 0.95993 0.37930
0.8550 1.13446 0.47127
0.8550 1.30900 0.53310
0.8550 1.48353 0.58039
0.8550 1.65806 0.56532
0.8550 1.83260 0.53466
0.8550 2.00713 0.46504
0.8550 2.18166 0.36424
0.8550 2.35619 0.27591
0.8550 2.53073 0.18602
0.8550 2.70526 0.13354
0.8550 2.87979 0.08054
0.8550 3.05433 0.05923
0.8550 3.22886 0.03637
0.8550 3.40339 0.03066
0.8550 3.57792 0.01819
0.8550 3.75246 0.02130
0.8550 3.92699 0.01715
0.8550 4.10152 0.02078
0.8550 4.27606 0.01559
0.8550 4.45059 0.01663
0.8550 4.62512 0.00779
0.8550 4.79966 0.01247
0.8550 4.97419 0.01767
0.8550 5.14872 0.01715
0.8550 5.32325 0.01143
0.8550 5.49779 0.01299
0.8550 5.67232 0.01507
0.8550 5.84685 0.02182
0.8550 6.02139 0.02182
0.8550 6.19592 0.03637

0.8650 0.08727 0.04821
0.8650 0.26180 0.09013
0.8650 0.43633 0.13344
0.8650 0.61087 0.18898
0.8650 0.78540 0.28505
0.8650 0.95993 0.37273
0.8650 1.13446 0.47857
0.8650 1.30900 0.56765
0.8650 1.48353 0.59734
0.8650 1.65806 0.59210
0.8650 1.83260 0.55577
0.8650 2.00713 0.46669
0.8650 2.18166 0.36050
0.8650 2.35619 0.27561
0.8650 2.53073 0.18095
0.8650 2.70526 0.13309
0.8650 2.87979 0.08104
0.8650 3.05433 0.04856
0.8650 3.22886 0.03284
0.8650 3.40339 0.02550
0.8650 3.57792 0.01851
0.8650 3.75246 0.01467
0.8650 3.92699 0.01188
0.8650 4.10152 0.01118
0.8650 4.27606 0.01292
0.8650 4.45059 0.00873
0.8650 4.62512 0.00908
0.8650 4.79966 0.00699
0.8650 4.97419 0.00594
0.8650 5.14872 0.00803
0.8650 5.32325 0.00699
0.8650 5.49779 0.01188
0.8650 5.67232 0.01292
0.8650 5.84685 0.01607
0.8650 6.02139 0.02830
0.8650 6.19592 0.03074

0.8750 0.08727 0.06383
0.8750 0.26180 0.08104
0.8750 0.43633 0.13211
0.8750 0.61087 0.20843
0.8750 0.78540 0.26533
0.8750 0.95993 0.37746
0.8750 1.13446 0.48958
0.8750 1.30900 0.56202
0.8750 1.48353 0.61920
0.8750 1.65806 0.58811
0.8750 1.83260 0.52455
0.8750 2.00713 0.47293
0.8750 2.18166 0.37107
0.8750 2.35619 0.27810
0.8750 2.53073 0.20760
0.8750 2.70526 0.12795
0.8750 2.87979 0.08104
0.8750 3.05433 0.05912
0.8750 3.22886 0.02970
0.8750 3.40339 0.02109
0.8750 3.57792 0.01804
0.8750 3.75246 0.00888
0.8750 3.92699 0.01221
0.8750 4.10152 0.00694
0.8750 4.27606 0.00722
0.8750 4.45059 0.00555
0.8750 4.62512 0.00444
0.8750 4.79966 0.00527
0.8750 4.97419 0.00416
0.8750 5.14872 0.00555
0.8750 5.32325 0.00527
0.8750 5.49779 0.00860
0.8750 5.67232 0.00860
0.8750 5.84685 0.01415
0.8750 6.02139 0.02082
0.8750 6.19592 0.03358

0.8850 0.08727 0.06011
0.8850 0.26180 0.08248
0.8850 0.43633 0.13970
0.8850 0.61087 0.19429
0.8850 0.78540 0.28205
0.8850 0.95993 0.37920
0.8850 1.13446 0.47153
0.8850 1.30900 0.55233
0.8850 1.48353 0.59320
0.8850 1.65806 0.61677
0.8850 1.83260 0.54487
0.8850 2.00713 0.45879
0.8850 2.18166 0.38040
0.8850 2.35619 0.27749
0.8850 2.53073 0.20631
0.8850 2.70526 0.14019
0.8850 2.87979 0.09594
0.8850 3.05433 0.05386
0.8850 3.22886 0.03463
0.8850 3.40339 0.02597
0.8850 3.57792 0.01611
0.8850 3.75246 0.01010
0.8850 3.92699 0.00818
0.8850 4.10152 0.00553
0.8850 4.27606 0.00313
0.8850 4.45059 0.00289
0.8850 4.62512 0.00433
0.8850 4.79966 0.00385
0.8850 4.97419 0.00313
0.8850 5.14872 0.00361
0.8850 5.32325 0.00337
0.8850 5.49779 0.00625
0.8850 5.67232 0.00890
0.8850 5.84685 0.01058
0.8850 6.02139 0.01755
0.8850 6.19592 0.03198

0.8950 0.08727 0.04440
0.8950 0.26180 0.09103
0.8950 0.43633 0.14369
0.8950 0.61087 0.20527
0.8950 0.78540 0.30120
0.8950 0.95993 0.38242
0.8950 1.13446 0.50424
0.8950 1.30900 0.55667
0.8950 1.48353 0.60174
0.8950 1.65806 0.56515
0.8950 1.83260 0.53681
0.8950 2.00713 0.47300
0.8950 2.18166 0.37952
0.8950 2.35619 0.29384
0.8950 2.53073 0.20192
0.8950 2.70526 0.13431
0.8950 2.87979 0.08389
0.8950 3.05433 0.04752
0.8950 3.22886 0.03637
0.8950 3.40339 0.02164
0.8950 3.57792 0.01138
0.8950 3.75246 0.00736
0.8950 3.92699 0.00736
0.8950 4.10152 0.00424
0.8950 4.27606 0.00268
0.8950 4.45059 0.00268
0.8950 4.62512 0.00290
0.8950 4.79966 0.00312
0.8950 4.97419 0.00223
0.8950 5.14872 0.00201
0.8950 5.32325 0.00357
0.8950 5.49779 0.00535
0.8950 5.67232 0.00625
0.8950 5.84685 0.01205
0.8950 6.02139 0.02187
0.8950 6.19592 0.02990

0.9050 0.08727 0.06337
0.9050 0.26180 0.08989
0.9050 0.43633 0.14105
0.9050 0.61087 0.21579
0.9050 0.78540 0.28736
0.9050 0.95993 0.37157
0.9050 1.13446 0.46336
0.9050 1.30900 0.54273
0.9050 1.48353 0.58462
0.9050 1.65806 0.58399
0.9050 1.83260 0.54988
0.9050 2.00713 0.47536
0.9050 2.18166 0.38883
0.9050 2.35619 0.29326
0.9050 2.53073 0.21158
0.9050 2.70526 0.14610
0.9050 2.87979 0.09095
0.9050 3.05433 0.05895
0.9050 3.22886 0.03095
0.9050 3.40339 0.01916
0.9050 3.57792 0.00821
0.9050 3.75246 0.00905
0.9050 3.92699 0.00568
0.9050 4.10152 0.00253
0.9050 4.27606 0.00295
0.9050 4.45059 0.00337
0.9050 4.62512 0.00189
0.9050 4.79966 0.00189
0.9050 4.97419 0.00147
0.9050 5.14872 0.00253
0.9050 5.32325 0.00211
0.9050 5.49779 0.00295
0.9050 5.67232 0.00695
0.9050 5.84685 0.01284
0.9050 6.02139 0.02189
0.9050 6.19592 0.03453

0.9150 0.08727 0.05851
0.9150 0.26180 0.09933
0.9150 0.43633 0.15201
0.9150 0.61087 0.22118
0.9150 0.78540 0.29236
0.9150 0.95993 0.38204
0.9150 1.13446 0.47011
0.9150 1.30900 0.53928
0.9150 1.48353 0.56441
0.9150 1.65806 0.58914
0.9150 1.83260 0.54390
0.9150 2.00713 0.46890
0.9150 2.18166 0.37219
0.9150 2.35619 0.30684
0.9150 2.53073 0.20268
0.9150 2.70526 0.14578
0.9150 2.87979 0.08606
0.9150 3.05433 0.05690
0.9150 3.22886 0.03579
0.9150 3.40339 0.02111
0.9150 3.57792 0.01086
0.9150 3.75246 0.00865
0.9150 3.92699 0.00322
0.9150 4.10152 0.00523
0.9150 4.27606 0.00221
0.9150 4.45059 0.00221
0.9150 4.62512 0.00282
0.9150 4.79966 0.00201
0.9150 4.97419 0.00161
0.9150 5.14872 0.00221
0.9150 5.32325 0.00221
0.9150 5.49779 0.00543
0.9150 5.67232 0.00764
0.9150 5.84685 0.01126
0.9150 6.02139 0.02011
0.9150 6.19592 0.03338

0.9250 0.08727 0.05747
0.9250 0.26180 0.09374
0.9250 0.43633 0.14739
0.9250 0.61087 0.22337
0.9250 0.78540 0.29458
0.9250 0.95993 0.38928
0.9250 1.13446 0.46412
0.9250 1.30900 0.54774
0.9250 1.48353 0.58153
0.9250 1.65806 0.57638
0.9250 1.83260 0.52731
0.9250 2.00713 0.47557
0.9250 2.18166 0.38298
0.9250 2.35619 0.28733
0.9250 2.53073 0.20504
0.9250 2.70526 0.13956
0.9250 2.87979 0.08878
0.9250 3.05433 0.05804
0.9250 3.22886 0.03723
0.9250 3.40339 0.02253
0.9250 3.57792 0.01260
0.9250 3.75246 0.00764
0.9250 3.92699 0.00496
0.9250 4.10152 0.00286
0.9250 4.27606 0.00229
0.9250 4.45059 0.00134
0.9250 4.62512 0.00153
0.9250 4.79966 0.00134
0.9250 4.97419 0.00267
0.9250 5.14872 0.00248
0.9250 5.32325 0.00363
0.9250 5.49779 0.00706
0.9250 5.67232 0.00935
0.9250 5.84685 0.01298
0.9250 6.02139 0.02081
0.9250 6.19592 0.03608

0.9350 0.08727 0.05718
0.9350 0.26180 0.08531
0.9350 0.43633 0.14785
0.9350 0.61087 0.21835
0.9350 0.78540 0.28479
0.9350 0.95993 0.39581
0.9350 1.13446 0.46243
0.9350 1.30900 0.54163
0.9350 1.48353 0.57031
0.9350 1.65806 0.58401
0.9350 1.83260 0.54903
0.9350 2.00713 0.46447
0.9350 2.18166 0.38675
0.9350 2.35619 0.29515
0.9350 2.53073 0.21410
0.9350 2.70526 0.14637
0.9350 2.87979 0.09271
0.9350 3.05433 0.05958
0.9350 3.22886 0.03405
0.9350 3.40339 0.01702
0.9350 3.57792 0.01166
0.9350 3.75246 0.00555
0.9350 3.92699 0.00426
0.9350 4.10152 0.00426
0.9350 4.27606 0.00444
0.9350 4.45059 0.00241
0.9350 4.62512 0.00278
0.9350 4.79966 0.00315
0.9350 4.97419 0.00204
0.9350 5.14872 0.00204
0.9350 5.32325 0.00315
0.9350 5.49779 0.00537
0.9350 5.67232 0.00796
0.9350 5.84685 0.00962
0.9350 6.02139 0.02276
0.9350 6.19592 0.03127

0.9450 0.08727 0.05963
0.9450 0.26180 0.09355
0.9450 0.43633 0.14318
0.9450 0.61087 0.21566
0.9450 0.78540 0.30367
0.9450 0.95993 0.38508
0.9450 1.13446 0.47773
0.9450 1.30900 0.52826
0.9450 1.48353 0.55878
0.9450 1.65806 0.58413
0.9450 1.83260 0.51576
0.9450 2.00713 0.46506
0.9450 2.18166 0.38954
0.9450 2.35619 0.29867
0.9450 2.53073 0.22512
0.9450 2.70526 0.15246
0.9450 2.87979 0.10444
0.9450 3.05433 0.05927
0.9450 3.22886 0.03285
0.9450 3.40339 0.01732
0.9450 3.57792 0.01160
0.9450 3.75246 0.00714
0.9450 3.92699 0.00428
0.9450 4.10152 0.00303
0.9450 4.27606 0.00214
0.9450 4.45059 0.00125
0.9450 4.62512 0.00161
0.9450 4.79966 0.00232
0.9450 4.97419 0.00161
0.9450 5.14872 0.00232
0.9450 5.32325 0.00446
0.9450 5.49779 0.00446
0.9450 5.67232 0.00714
0.9450 5.84685 0.01392
0.9450 6.02139 0.01946
0.9450 6.19592 0.03267

0.9550 0.08727 0.05408
0.9550 0.26180 0.09781
0.9550 0.43633 0.14782
0.9550 0.61087 0.22207
0.9550 0.78540 0.28937
0.9550 0.95993 0.38210
0.9550 1.13446 0.47482
0.9550 1.30900 0.52873
0.9550 1.48353 0.56348
0.9550 1.65806 0.55467
0.9550 1.83260 0.53246
0.9550 2.00713 0.47194
0.9550 2.18166 0.39379
0.9550 2.35619 0.30785
0.9550 2.53073 0.22377
0.9550 2.70526 0.14409
0.9550 2.87979 0.10324
0.9550 3.05433 0.05645
0.9550 3.22886 0.03594
0.9550 3.40339 0.02085
0.9550 3.57792 0.01170
0.9550 3.75246 0.00797
0.9550 3.92699 0.00424
0.9550 4.10152 0.00407
0.9550 4.27606 0.00356
0.9550 4.45059 0.00237
0.9550 4.62512 0.00203
0.9550 4.79966 0.00136
0.9550 4.97419 0.00237
0.9550 5.14872 0.00136
0.9550 5.32325 0.00271
0.9550 5.49779 0.00475
0.9550 5.67232 0.00966
0.9550 5.84685 0.01288
0.9550 6.02139 0.02000
0.9550 6.19592 0.03323

0.9650 0.08727 0.05289
0.9650 0.26180 0.10123
0.9650 0.43633 0.15217
0.9650 0.61087 0.21597
0.9650 0.78540 0.30174
0.9650 0.95993 0.38213
0.9650 1.13446 0.47669
0.9650 1.30900 0.53365
0.9650 1.48353 0.56881
0.9650 1.65806 0.56620
0.9650 1.83260 0.53268
0.9650 2.00713 0.46969
0.9650 2.18166 0.38653
0.9650 2.35619 0.29165
0.9650 2.53073 0.21597
0.9650 2.70526 0.15103
0.9650 2.87979 0.09391
0.9650 3.05433 0.05989
0.9650 3.22886 0.03418
0.9650 3.40339 0.02376
0.9650 3.57792 0.01139
0.9650 3.75246 0.00749
0.9650 3.92699 0.00456
0.9650 4.10152 0.00407
0.9650 4.27606 0.00212
0.9650 4.45059 0.00260
0.9650 4.62512 0.00114
0.9650 4.79966 0.00244
0.9650 4.97419 0.00228
0.9650 5.14872 0.00163
0.9650 5.32325 0.00358
0.9650 5.49779 0.00439
0.9650 5.67232 0.00667
0.9650 5.84685 0.01025
0.9650 6.02139 0.02018
0.9650 6.19592 0.03401

0.9750 0.08727 0.05537
0.9750 0.26180 0.09085
0.9750 0.43633 0.14928
0.9750 0.61087 0.22529
0.9750 0.78540 0.29840
0.9750 0.95993 0.38466
0.9750 1.13446 0.46175
0.9750 1.30900 0.53654
0.9750 1.48353 0.56514
0.9750 1.65806 0.56927
0.9750 1.83260 0.53669
0.9750 2.00713 0.46358
0.9750 2.18166 0.38726
0.9750 2.35619 0.30131
0.9750 2.53073 0.21428
0.9750 2.70526 0.13995
0.9750 2.87979 0.09865
0.9750 3.05433 0.06470
0.9750 3.22886 0.03793
0.9750 3.40339 0.02187
0.9750 3.57792 0.01529
0.9750 3.75246 0.00826
0.9750 3.92699 0.00520
0.9750 4.10152 0.00520
0.9750 4.27606 0.00398
0.9750 4.45059 0.00260
0.9750 4.62512 0.00199
0.9750 4.79966 0.00214
0.9750 4.97419 0.00199
0.9750 5.14872 0.00199
0.9750 5.32325 0.00214
0.9750 5.49779 0.00413
0.9750 5.67232 0.00489
0.9750 5.84685 0.01162
0.9750 6.02139 0.01988
0.9750 6.19592 0.03548

0.9850 0.08727 0.05655
0.9850 0.26180 0.08874
0.9850 0.43633 0.14065
0.9850 0.61087 0.21808
0.9850 0.78540 0.29956
0.9850 0.95993 0.39048
0.9850 1.13446 0.47414
0.9850 1.30900 0.53751
0.9850 1.48353 0.56303
0.9850 1.65806 0.56288
0.9850 1.83260 0.55520
0.9850 2.00713 0.48748
0.9850 2.18166 0.38047
0.9850 2.35619 0.29464
0.9850 2.53073 0.21982
0.9850 2.70526 0.14529
0.9850 2.87979 0.09512
0.9850 3.05433 0.05727
0.9850 3.22886 0.03262
0.9850 3.40339 0.02015
0.9850 3.57792 0.01218
0.9850 3.75246 0.00812
0.9850 3.92699 0.00449
0.9850 4.10152 0.00304
0.9850 4.27606 0.00159
0.9850 4.45059 0.00174
0.9850 4.62512 0.00232
0.9850 4.79966 0.00304
0.9850 4.97419 0.00275
0.9850 5.14872 0.00188
0.9850 5.32325 0.00188
0.9850 5.49779 0.00377
0.9850 5.67232 0.00507
0.9850 5.84685 0.01131
0.9850 6.02139 0.01928
0.9850 6.19592 0.02740

0.9950 0.08727 0.05742
0.9950 0.26180 0.09393
0.9950 0.43633 0.14279
0.9950 0.61087 0.21473
0.9950 0.78540 0.29264
0.9950 0.95993 0.38032
0.9950 1.13446 0.47181
0.9950 1.30900 0.53628
0.9950 1.48353 0.58311
0.9950 1.65806 0.57239
0.9950 1.83260 0.53316
0.9950 2.00713 0.46814
0.9950 2.18166 0.39526
0.9950 2.35619 0.28518
0.9950 2.53073 0.22220
0.9950 2.70526 0.14686
0.9950 2.87979 0.09827
0.9950 3.05433 0.06420
0.9950 3.22886 0.03855
0.9950 3.40339 0.01819
0.9950 3.57792 0.01181
0.9950 3.75246 0.00801
0.9950 3.92699 0.00366
0.9950 4.10152 0.00312
0.9950 4.27606 0.00326
0.9950 4.45059 0.00136
0.9950 4.62512 0.00244
0.9950 4.79966 0.00122
0.9950 4.97419 0.00163
0.9950 5.14872 0.00163
0.9950 5.32325 0.00285
0.9950 5.49779 0.00285
0.9950 5.67232 0.00557
0.9950 5.84685 0.01045
0.9950 6.02139 0.02050
0.9950 6.19592 0.03380

