# P(phi|x) [1/rad]: each x column normalized over phi. blank line separates x scans (for surf)
x phi p
0.0050 0.08727 0.99818
0.0050 0.26180 0.70029
0.0050 0.43633 0.22469
0.0050 0.61087 0.04167
0.0050 0.78540 0.00573
0.0050 0.95993 0.00066
0.0050 1.13446 0.00000
0.0050 1.30900 0.00000
0.0050 1.48353 0.00000
0.0050 1.65806 0.00000
0.0050 1.83260 0.00022
0.0050 2.00713 0.00022
0.0050 2.18166 0.00110
0.0050 2.35619 0.00397
0.0050 2.53073 0.04189
0.0050 2.70526 0.23328
0.0050 2.87979 0.75299
0.0050 3.05433 1.04603
0.0050 3.22886 0.66259
0.0050 3.40339 0.18301
0.0050 3.57792 0.01852
0.0050 3.75246 0.00176
0.0050 3.92699 0.00044
0.0050 4.10152 0.00000
0.0050 4.27606 0.00000
0.0050 4.45059 0.00000
0.0050 4.62512 0.00000
0.0050 4.79966 0.00000
0.0050 4.97419 0.00000
0.0050 5.14872 0.00000
0.0050 5.32325 0.00000
0.0050 5.49779 0.00022
0.0050 5.67232 0.00132
0.0050 5.84685 0.01918
0.0050 6.02139 0.16471
0.0050 6.19592 0.62687

0.0150 0.08727 0.97601
0.0150 0.26180 0.70412
0.0150 0.43633 0.22306
0.0150 0.61087 0.04461
0.0150 0.78540 0.00610
0.0150 0.95993 0.00042
0.0150 1.13446 0.00021
0.0150 1.30900 0.00000
0.0150 1.48353 0.00000
0.0150 1.65806 0.00000
0.0150 1.83260 0.00021
0.0150 2.00713 0.00021
0.0150 2.18166 0.00105
0.0150 2.35619 0.00652
0.0150 2.53073 0.05029
0.0150 2.70526 0.25063
0.0150 2.87979 0.75231
0.0150 3.05433 1.08775
0.0150 3.22886 0.65741
0.0150 3.40339 0.17045
0.0150 3.57792 0.02210
0.0150 3.75246 0.00189
0.0150 3.92699 0.00021
0.0150 4.10152 0.00000
0.0150 4.27606 0.00000
0.0150 4.45059 0.00000
0.0150 4.62512 0.00000
0.0150 4.79966 0.00000
0.0150 4.97419 0.00000
0.0150 5.14872 0.00000
0.0150 5.32325 0.00000
0.0150 5.49779 0.00000
0.0150 5.67232 0.00189
0.0150 5.84685 0.02441
0.0150 6.02139 0.15572
0.0150 6.19592 0.59196

0.0250 0.08727 0.98141
0.0250 0.26180 0.70118
0.0250 0.43633 0.21289
0.0250 0.61087 0.03689
0.0250 0.78540 0.00524
0.0250 0.95993 0.00020
0.0250 1.13446 0.00000
0.0250 1.30900 0.00000
0.0250 1.48353 0.00020
0.0250 1.65806 0.00000
0.0250 1.83260 0.00000
0.0250 2.00713 0.00000
0.0250 2.18166 0.00020
0.0250 2.35619 0.00444
0.0250 2.53073 0.04415
0.0250 2.70526 0.24878
0.0250 2.87979 0.76609
0.0250 3.05433 1.09088
0.0250 3.22886 0.65924
0.0250 3.40339 0.17237
0.0250 3.57792 0.02077
0.0250 3.75246 0.00141
0.0250 3.92699 0.00000
0.0250 4.10152 0.00000
0.0250 4.27606 0.00000
0.0250 4.45059 0.00000
0.0250 4.62512 0.00000
0.0250 4.79966 0.00000
0.0250 4.97419 0.00000
0.0250 5.14872 0.00000
0.0250 5.32325 0.00000
0.0250 5.49779 0.00040
0.0250 5.67232 0.00242
0.0250 5.84685 0.01734
0.0250 6.02139 0.16612
0.0250 6.19592 0.59695

0.0350 0.08727 0.97411
0.0350 0.26180 0.70134
0.0350 0.43633 0.23016
0.0350 0.61087 0.03919
0.0350 0.78540 0.00609
0.0350 0.95993 0.00076
0.0350 1.13446 0.00019
0.0350 1.30900 0.00038
0.0350 1.48353 0.00000
0.0350 1.65806 0.00019
0.0350 1.83260 0.00000
0.0350 2.00713 0.00019
0.0350 2.18166 0.00114
0.0350 2.35619 0.00514
0.0350 2.53073 0.04813
0.0350 2.70526 0.26650
0.0350 2.87979 0.74699
0.0350 3.05433 1.06332
0.0350 3.22886 0.65949
0.0350 3.40339 0.16625
0.0350 3.57792 0.01902
0.0350 3.75246 0.00133
0.0350 3.92699 0.00019
0.0350 4.10152 0.00000
0.0350 4.27606 0.00000
0.0350 4.45059 0.00000
0.0350 4.62512 0.00000
0.0350 4.79966 0.00000
0.0350 4.97419 0.00000
0.0350 5.14872 0.00000
0.0350 5.32325 0.00000
0.0350 5.49779 0.00000
0.0350 5.67232 0.00171
0.0350 5.84685 0.01978
0.0350 6.02139 0.16035
0.0350 6.19592 0.61764

0.0450 0.08727 0.98335
0.0450 0.26180 0.68071
0.0450 0.43633 0.22144
0.0450 0.61087 0.04375
0.0450 0.78540 0.00450
0.0450 0.95993 0.00090
0.0450 1.13446 0.00000
0.0450 1.30900 0.00000
0.0450 1.48353 0.00000
0.0450 1.65806 0.00000
0.0450 1.83260 0.00000
0.0450 2.00713 0.00000
0.0450 2.18166 0.00018
0.0450 2.35619 0.00648
0.0450 2.53073 0.04447
0.0450 2.70526 0.24053
0.0450 2.87979 0.76172
0.0450 3.05433 1.05068
0.0450 3.22886 0.68053
0.0450 3.40339 0.17661
0.0450 3.57792 0.02214
0.0450 3.75246 0.00198
0.0450 3.92699 0.00018
0.0450 4.10152 0.00000
0.0450 4.27606 0.00000
0.0450 4.45059 0.00000
0.0450 4.62512 0.00000
0.0450 4.79966 0.00000
0.0450 4.97419 0.00000
0.0450 5.14872 0.00018
0.0450 5.32325 0.00000
0.0450 5.49779 0.00018
0.0450 5.67232 0.00162
0.0450 5.84685 0.02286
0.0450 6.02139 0.16599
0.0450 6.19592 0.61860

0.0550 0.08727 0.96486
0.0550 0.26180 0.70502
0.0550 0.43633 0.22284
0.0550 0.61087 0.04181
0.0550 0.78540 0.00415
0.0550 0.95993 0.00066
0.0550 1.13446 0.00000
0.0550 1.30900 0.00000
0.0550 1.48353 0.00000
0.0550 1.65806 0.00000
0.0550 1.83260 0.00000
0.0550 2.00713 0.00000
0.0550 2.18166 0.00083
0.0550 2.35619 0.00664
0.0550 2.53073 0.04646
0.0550 2.70526 0.24889
0.0550 2.87979 0.74982
0.0550 3.05433 1.07420
0.0550 3.22886 0.65491
0.0550 3.40339 0.18318
0.0550 3.57792 0.02754
0.0550 3.75246 0.00232
0.0550 3.92699 0.00017
0.0550 4.10152 0.00000
0.0550 4.27606 0.00000
0.0550 4.45059 0.00000
0.0550 4.62512 0.00000
0.0550 4.79966 0.00000
0.0550 4.97419 0.00000
0.0550 5.14872 0.00000
0.0550 5.32325 0.00000
0.0550 5.49779 0.00000
0.0550 5.67232 0.00133
0.0550 5.84685 0.02306
0.0550 6.02139 0.15647
0.0550 6.19592 0.61442

0.0650 0.08727 1.00417
0.0650 0.26180 0.69589
0.0650 0.43633 0.22835
0.0650 0.61087 0.04478
0.0650 0.78540 0.00581
0.0650 0.95993 0.00031
0.0650 1.13446 0.00000
0.0650 1.30900 0.00000
0.0650 1.48353 0.00000
0.0650 1.65806 0.00000
0.0650 1.83260 0.00000
0.0650 2.00713 0.00000
0.0650 2.18166 0.00061
0.0650 2.35619 0.00657
0.0650 2.53073 0.03882
0.0650 2.70526 0.24241
0.0650 2.87979 0.74663
0.0650 3.05433 1.07173
0.0650 3.22886 0.64851
0.0650 3.40339 0.17455
0.0650 3.57792 0.02354
0.0650 3.75246 0.00153
0.0650 3.92699 0.00015
0.0650 4.10152 0.00000
0.0650 4.27606 0.00000
0.0650 4.45059 0.00000
0.0650 4.62512 0.00000
0.0650 4.79966 0.00000
0.0650 4.97419 0.00000
0.0650 5.14872 0.00000
0.0650 5.32325 0.00000
0.0650 5.49779 0.00015
0.0650 5.67232 0.00122
0.0650 5.84685 0.02109
0.0650 6.02139 0.15666
0.0650 6.19592 0.61611

0.0750 0.08727 1.01210
0.0750 0.26180 0.71055
0.0750 0.43633 0.23819
0.0750 0.61087 0.04353
0.0750 0.78540 0.00638
0.0750 0.95993 0.00125
0.0750 1.13446 0.00000
0.0750 1.30900 0.00014
0.0750 1.48353 0.00000
0.0750 1.65806 0.00014
0.0750 1.83260 0.00000
0.0750 2.00713 0.00000
0.0750 2.18166 0.00055
0.0750 2.35619 0.00416
0.0750 2.53073 0.05213
0.0750 2.70526 0.24276
0.0750 2.87979 0.72746
0.0750 3.05433 1.05009
0.0750 3.22886 0.64386
0.0750 3.40339 0.17927
0.0750 3.57792 0.02149
0.0750 3.75246 0.00125
0.0750 3.92699 0.00014
0.0750 4.10152 0.00000
0.0750 4.27606 0.00000
0.0750 4.45059 0.00000
0.0750 4.62512 0.00000
0.0750 4.79966 0.00000
0.0750 4.97419 0.00000
0.0750 5.14872 0.00000
0.0750 5.32325 0.00000
0.0750 5.49779 0.00014
0.0750 5.67232 0.00194
0.0750 5.84685 0.01913
0.0750 6.02139 0.16540
0.0750 6.19592 0.60754

0.0850 0.08727 1.04127
0.0850 0.26180 0.70418
0.0850 0.43633 0.23956
0.0850 0.61087 0.04536
0.0850 0.78540 0.00446
0.0850 0.95993 0.00062
0.0850 1.13446 0.00000
0.0850 1.30900 0.00000
0.0850 1.48353 0.00000
0.0850 1.65806 0.00000
0.0850 1.83260 0.00000
0.0850 2.00713 0.00000
0.0850 2.18166 0.00025
0.0850 2.35619 0.00607
0.0850 2.53073 0.04003
0.0850 2.70526 0.24501
0.0850 2.87979 0.73305
0.0850 3.05433 1.04276
0.0850 3.22886 0.63490
0.0850 3.40339 0.16619
0.0850 3.57792 0.02466
0.0850 3.75246 0.00099
0.0850 3.92699 0.00000
0.0850 4.10152 0.00000
0.0850 4.27606 0.00000
0.0850 4.45059 0.00000
0.0850 4.62512 0.00000
0.0850 4.79966 0.00000
0.0850 4.97419 0.00000
0.0850 5.14872 0.00000
0.0850 5.32325 0.00000
0.0850 5.49779 0.00025
0.0850 5.67232 0.00099
0.0850 5.84685 0.02169
0.0850 6.02139 0.15727
0.0850 6.19592 0.62003

0.0950 0.08727 1.00983
0.0950 0.26180 0.71397
0.0950 0.43633 0.22980
0.0950 0.61087 0.04105
0.0950 0.78540 0.00493
0.0950 0.95993 0.00079
0.0950 1.13446 0.00000
0.0950 1.30900 0.00022
0.0950 1.48353 0.00000
0.0950 1.65806 0.00011
0.0950 1.83260 0.00000
0.0950 2.00713 0.00000
0.0950 2.18166 0.00045
0.0950 2.35619 0.00583
0.0950 2.53073 0.04643
0.0950 2.70526 0.24640
0.0950 2.87979 0.74279
0.0950 3.05433 1.04067
0.0950 3.22886 0.66888
0.0950 3.40339 0.16565
0.0950 3.57792 0.02221
0.0950 3.75246 0.00067
0.0950 3.92699 0.00000
0.0950 4.10152 0.00000
0.0950 4.27606 0.00000
0.0950 4.45059 0.00000
0.0950 4.62512 0.00000
0.0950 4.79966 0.00000
0.0950 4.97419 0.00000
0.0950 5.14872 0.00000
0.0950 5.32325 0.00000
0.0950 5.49779 0.00000
0.0950 5.67232 0.00101
0.0950 5.84685 0.02086
0.0950 6.02139 0.16273
0.0950 6.19592 0.60428

0.1050 0.08727 0.97561
0.1050 0.26180 0.68645
0.1050 0.43633 0.22401
0.1050 0.61087 0.04270
0.1050 0.78540 0.00421
0.1050 0.95993 0.00080
0.1050 1.13446 0.00010
0.1050 1.30900 0.00000
0.1050 1.48353 0.00000
0.1050 1.65806 0.00000
0.1050 1.83260 0.00010
0.1050 2.00713 0.00010
0.1050 2.18166 0.00030
0.1050 2.35619 0.00541
0.1050 2.53073 0.04370
0.1050 2.70526 0.24706
0.1050 2.87979 0.76844
0.1050 3.05433 1.07744
0.1050 3.22886 0.66531
0.1050 3.40339 0.18281
0.1050 3.57792 0.02085
0.1050 3.75246 0.00190
0.1050 3.92699 0.00000
0.1050 4.10152 0.00000
0.1050 4.27606 0.00000
0.1050 4.45059 0.00000
0.1050 4.62512 0.00000
0.1050 4.79966 0.00000
0.1050 4.97419 0.00000
0.1050 5.14872 0.00000
0.1050 5.32325 0.00000
0.1050 5.49779 0.00020
0.1050 5.67232 0.00160
0.1050 5.84685 0.02035
0.1050 6.02139 0.15455
0.1050 6.19592 0.60557

0.1150 0.08727 0.97339
0.1150 0.26180 0.68266
0.1150 0.43633 0.22350
0.1150 0.61087 0.03974
0.1150 0.78540 0.00469
0.1150 0.95993 0.00063
0.1150 1.13446 0.00036
0.1150 1.30900 0.00018
0.1150 1.48353 0.00000
0.1150 1.65806 0.00000
0.1150 1.83260 0.00000
0.1150 2.00713 0.00009
0.1150 2.18166 0.00018
0.1150 2.35619 0.00514
0.1150 2.53073 0.04434
0.1150 2.70526 0.25198
0.1150 2.87979 0.78125
0.1150 3.05433 1.08469
0.1150 3.22886 0.67004
0.1150 3.40339 0.18069
0.1150 3.57792 0.02190
0.1150 3.75246 0.00225
0.1150 3.92699 0.00000
0.1150 4.10152 0.00000
0.1150 4.27606 0.00000
0.1150 4.45059 0.00000
0.1150 4.62512 0.00000
0.1150 4.79966 0.00000
0.1150 4.97419 0.00000
0.1150 5.14872 0.00000
0.1150 5.32325 0.00000
0.1150 5.49779 0.00009
0.1150 5.67232 0.00081
0.1150 5.84685 0.01811
0.1150 6.02139 0.15996
0.1150 6.19592 0.58290

0.1250 0.08727 0.97905
0.1250 0.26180 0.68096
0.1250 0.43633 0.22340
0.1250 0.61087 0.03966
0.1250 0.78540 0.00375
0.1250 0.95993 0.00041
0.1250 1.13446 0.00016
0.1250 1.30900 0.00008
0.1250 1.48353 0.00008
0.1250 1.65806 0.00000
0.1250 1.83260 0.00000
0.1250 2.00713 0.00008
0.1250 2.18166 0.00033
0.1250 2.35619 0.00456
0.1250 2.53073 0.04789
0.1250 2.70526 0.24816
0.1250 2.87979 0.77137
0.1250 3.05433 1.09576
0.1250 3.22886 0.66842
0.1250 3.40339 0.17527
0.1250 3.57792 0.02044
0.1250 3.75246 0.00130
0.1250 3.92699 0.00008
0.1250 4.10152 0.00000
0.1250 4.27606 0.00000
0.1250 4.45059 0.00000
0.1250 4.62512 0.00000
0.1250 4.79966 0.00000
0.1250 4.97419 0.00000
0.1250 5.14872 0.00000
0.1250 5.32325 0.00000
0.1250 5.49779 0.00000
0.1250 5.67232 0.00098
0.1250 5.84685 0.02036
0.1250 6.02139 0.15784
0.1250 6.19592 0.58917

0.1350 0.08727 0.97856
0.1350 0.26180 0.67150
0.1350 0.43633 0.22454
0.1350 0.61087 0.03631
0.1350 0.78540 0.00462
0.1350 0.95993 0.00037
0.1350 1.13446 0.00007
0.1350 1.30900 0.00007
0.1350 1.48353 0.00000
0.1350 1.65806 0.00000
0.1350 1.83260 0.00000
0.1350 2.00713 0.00007
0.1350 2.18166 0.00081
0.1350 2.35619 0.00565
0.1350 2.53073 0.04519
0.1350 2.70526 0.25447
0.1350 2.87979 0.76759
0.1350 3.05433 1.09322
0.1350 3.22886 0.66900
0.1350 3.40339 0.17400
0.1350 3.57792 0.02421
0.1350 3.75246 0.00183
0.1350 3.92699 0.00015
0.1350 4.10152 0.00000
0.1350 4.27606 0.00000
0.1350 4.45059 0.00000
0.1350 4.62512 0.00000
0.1350 4.79966 0.00000
0.1350 4.97419 0.00000
0.1350 5.14872 0.00000
0.1350 5.32325 0.00007
0.1350 5.49779 0.00007
0.1350 5.67232 0.00154
0.1350 5.84685 0.02149
0.1350 6.02139 0.15573
0.1350 6.19592 0.59843

0.1450 0.08727 0.96442
0.1450 0.26180 0.68246
0.1450 0.43633 0.21881
0.1450 0.61087 0.03967
0.1450 0.78540 0.00466
0.1450 0.95993 0.00079
0.1450 1.13446 0.00000
0.1450 1.30900 0.00000
0.1450 1.48353 0.00000
0.1450 1.65806 0.00000
0.1450 1.83260 0.00000
0.1450 2.00713 0.00013
0.1450 2.18166 0.00046
0.1450 2.35619 0.00557
0.1450 2.53073 0.04603
0.1450 2.70526 0.24799
0.1450 2.87979 0.77164
0.1450 3.05433 1.10605
0.1450 3.22886 0.66522
0.1450 3.40339 0.18471
0.1450 3.57792 0.02328
0.1450 3.75246 0.00164
0.1450 3.92699 0.00000
0.1450 4.10152 0.00000
0.1450 4.27606 0.00000
0.1450 4.45059 0.00000
0.1450 4.62512 0.00000
0.1450 4.79966 0.00000
0.1450 4.97419 0.00000
0.1450 5.14872 0.00000
0.1450 5.32325 0.00000
0.1450 5.49779 0.00007
0.1450 5.67232 0.00151
0.1450 5.84685 0.02039
0.1450 6.02139 0.15514
0.1450 6.19592 0.58896

0.1550 0.08727 0.95901
0.1550 0.26180 0.67702
0.1550 0.43633 0.22512
0.1550 0.61087 0.03774
0.1550 0.78540 0.00459
0.1550 0.95993 0.00042
0.1550 1.13446 0.00012
0.1550 1.30900 0.00000
0.1550 1.48353 0.00000
0.1550 1.65806 0.00000
0.1550 1.83260 0.00000
0.1550 2.00713 0.00012
0.1550 2.18166 0.00048
0.1550 2.35619 0.00584
0.1550 2.53073 0.04585
0.1550 2.70526 0.25302
0.1550 2.87979 0.78338
0.1550 3.05433 1.08731
0.1550 3.22886 0.66963
0.1550 3.40339 0.18058
0.1550 3.57792 0.02325
0.1550 3.75246 0.00185
0.1550 3.92699 0.00018
0.1550 4.10152 0.00000
0.1550 4.27606 0.00000
0.1550 4.45059 0.00000
0.1550 4.62512 0.00000
0.1550 4.79966 0.00000
0.1550 4.97419 0.00000
0.1550 5.14872 0.00000
0.1550 5.32325 0.00000
0.1550 5.49779 0.00000
0.1550 5.67232 0.00167
0.1550 5.84685 0.01950
0.1550 6.02139 0.15876
0.1550 6.19592 0.59415

0.1650 0.08727 0.96056
0.1650 0.26180 0.67926
0.1650 0.43633 0.22604
0.1650 0.61087 0.03970
0.1650 0.78540 0.00542
0.1650 0.95993 0.00075
0.1650 1.13446 0.00000
0.1650 1.30900 0.00000
0.1650 1.48353 0.00000
0.1650 1.65806 0.00000
0.1650 1.83260 0.00000
0.1650 2.00713 0.00000
0.1650 2.18166 0.00086
0.1650 2.35619 0.00526
0.1650 2.53073 0.04555
0.1650 2.70526 0.25491
0.1650 2.87979 0.78045
0.1650 3.05433 1.08756
0.1650 3.22886 0.66681
0.1650 3.40339 0.17507
0.1650 3.57792 0.02318
0.1650 3.75246 0.00177
0.1650 3.92699 0.00016
0.1650 4.10152 0.00000
0.1650 4.27606 0.00000
0.1650 4.45059 0.00000
0.1650 4.62512 0.00000
0.1650 4.79966 0.00000
0.1650 4.97419 0.00000
0.1650 5.14872 0.00000
0.1650 5.32325 0.00000
0.1650 5.49779 0.00011
0.1650 5.67232 0.00215
0.1650 5.84685 0.01974
0.1650 6.02139 0.15436
0.1650 6.19592 0.59990

0.1750 0.08727 0.96731
0.1750 0.26180 0.68354
0.1750 0.43633 0.22155
0.1750 0.61087 0.04216
0.1750 0.78540 0.00512
0.1750 0.95993 0.00039
0.1750 1.13446 0.00005
0.1750 1.30900 0.00005
0.1750 1.48353 0.00005
0.1750 1.65806 0.00000
0.1750 1.83260 0.00000
0.1750 2.00713 0.00024
0.1750 2.18166 0.00059
0.1750 2.35619 0.00634
0.1750 2.53073 0.04475
0.1750 2.70526 0.25147
0.1750 2.87979 0.76786
0.1750 3.05433 1.10034
0.1750 3.22886 0.66792
0.1750 3.40339 0.17905
0.1750 3.57792 0.02396
0.1750 3.75246 0.00200
0.1750 3.92699 0.00005
0.1750 4.10152 0.00000
0.1750 4.27606 0.00000
0.1750 4.45059 0.00000
0.1750 4.62512 0.00000
0.1750 4.79966 0.00000
0.1750 4.97419 0.00000
0.1750 5.14872 0.00000
0.1750 5.32325 0.00000
0.1750 5.49779 0.00005
0.1750 5.67232 0.00137
0.1750 5.84685 0.01893
0.1750 6.02139 0.15596
0.1750 6.19592 0.58848

0.1850 0.08727 0.97315
0.1850 0.26180 0.68880
0.1850 0.43633 0.21481
0.1850 0.61087 0.03812
0.1850 0.78540 0.00554
0.1850 0.95993 0.00045
0.1850 1.13446 0.00018
0.1850 1.30900 0.00000
0.1850 1.48353 0.00000
0.1850 1.65806 0.00000
0.1850 1.83260 0.00000
0.1850 2.00713 0.00009
0.1850 2.18166 0.00054
0.1850 2.35619 0.00514
0.1850 2.53073 0.04647
0.1850 2.70526 0.25583
0.1850 2.87979 0.77335
0.1850 3.05433 1.08942
0.1850 3.22886 0.66865
0.1850 3.40339 0.17571
0.1850 3.57792 0.02346
0.1850 3.75246 0.00197
0.1850 3.92699 0.00000
0.1850 4.10152 0.00004
0.1850 4.27606 0.00000
0.1850 4.45059 0.00004
0.1850 4.62512 0.00000
0.1850 4.79966 0.00000
0.1850 4.97419 0.00000
0.1850 5.14872 0.00000
0.1850 5.32325 0.00000
0.1850 5.49779 0.00004
0.1850 5.67232 0.00201
0.1850 5.84685 0.01890
0.1850 6.02139 0.15774
0.1850 6.19592 0.58911

0.1950 0.08727 0.96288
0.1950 0.26180 0.67400
0.1950 0.43633 0.22067
0.1950 0.61087 0.03914
0.1950 0.78540 0.00522
0.1950 0.95993 0.00050
0.1950 1.13446 0.00004
0.1950 1.30900 0.00008
0.1950 1.48353 0.00000
0.1950 1.65806 0.00004
0.1950 1.83260 0.00000
0.1950 2.00713 0.00008
0.1950 2.18166 0.00029
0.1950 2.35619 0.00489
0.1950 2.53073 0.04706
0.1950 2.70526 0.25119
0.1950 2.87979 0.77754
0.1950 3.05433 1.10498
0.1950 3.22886 0.67587
0.1950 3.40339 0.17867
0.1950 3.57792 0.02484
0.1950 3.75246 0.00149
0.1950 3.92699 0.00008
0.1950 4.10152 0.00000
0.1950 4.27606 0.00000
0.1950 4.45059 0.00000
0.1950 4.62512 0.00000
0.1950 4.79966 0.00000
0.1950 4.97419 0.00000
0.1950 5.14872 0.00000
0.1950 5.32325 0.00000
0.1950 5.49779 0.00004
0.1950 5.67232 0.00108
0.1950 5.84685 0.02040
0.1950 6.02139 0.15304
0.1950 6.19592 0.58543

0.2050 0.08727 0.96113
0.2050 0.26180 0.67191
0.2050 0.43633 0.21899
0.2050 0.61087 0.03776
0.2050 0.78540 0.00470
0.2050 0.95993 0.00062
0.2050 1.13446 0.00012
0.2050 1.30900 0.00008
0.2050 1.48353 0.00008
0.2050 1.65806 0.00000
0.2050 1.83260 0.00000
0.2050 2.00713 0.00000
0.2050 2.18166 0.00054
0.2050 2.35619 0.00513
0.2050 2.53073 0.04437
0.2050 2.70526 0.25247
0.2050 2.87979 0.78405
0.2050 3.05433 1.09523
0.2050 3.22886 0.68571
0.2050 3.40339 0.17921
0.2050 3.57792 0.02333
0.2050 3.75246 0.00148
0.2050 3.92699 0.00016
0.2050 4.10152 0.00000
0.2050 4.27606 0.00000
0.2050 4.45059 0.00000
0.2050 4.62512 0.00004
0.2050 4.79966 0.00000
0.2050 4.97419 0.00000
0.2050 5.14872 0.00000
0.2050 5.32325 0.00000
0.2050 5.49779 0.00004
0.2050 5.67232 0.00210
0.2050 5.84685 0.01983
0.2050 6.02139 0.15270
0.2050 6.19592 0.58780

0.2150 0.08727 0.94849
0.2150 0.26180 0.67027
0.2150 0.43633 0.21865
0.2150 0.61087 0.03823
0.2150 0.78540 0.00517
0.2150 0.95993 0.00054
0.2150 1.13446 0.00011
0.2150 1.30900 0.00000
0.2150 1.48353 0.00000
0.2150 1.65806 0.00004
0.2150 1.83260 0.00004
0.2150 2.00713 0.00011
0.2150 2.18166 0.00076
0.2150 2.35619 0.00615
0.2150 2.53073 0.04553
0.2150 2.70526 0.25196
0.2150 2.87979 0.78264
0.2150 3.05433 1.11965
0.2150 3.22886 0.68647
0.2150 3.40339 0.18129
0.2150 3.57792 0.02257
0.2150 3.75246 0.00141
0.2150 3.92699 0.00011
0.2150 4.10152 0.00000
0.2150 4.27606 0.00000
0.2150 4.45059 0.00000
0.2150 4.62512 0.00000
0.2150 4.79966 0.00000
0.2150 4.97419 0.00000
0.2150 5.14872 0.00000
0.2150 5.32325 0.00000
0.2150 5.49779 0.00004
0.2150 5.67232 0.00141
0.2150 5.84685 0.01928
0.2150 6.02139 0.15077
0.2150 6.19592 0.57791

0.2250 0.08727 0.95102
0.2250 0.26180 0.66351
0.2250 0.43633 0.21814
0.2250 0.61087 0.03723
0.2250 0.78540 0.00459
0.2250 0.95993 0.00041
0.2250 1.13446 0.00010
0.2250 1.30900 0.00000
0.2250 1.48353 0.00000
0.2250 1.65806 0.00000
0.2250 1.83260 0.00003
0.2250 2.00713 0.00003
0.2250 2.18166 0.00037
0.2250 2.35619 0.00595
0.2250 2.53073 0.04607
0.2250 2.70526 0.26407
0.2250 2.87979 0.78116
0.2250 3.05433 1.11195
0.2250 3.22886 0.68325
0.2250 3.40339 0.17866
0.2250 3.57792 0.02392
0.2250 3.75246 0.00166
0.2250 3.92699 0.00010
0.2250 4.10152 0.00000
0.2250 4.27606 0.00000
0.2250 4.45059 0.00000
0.2250 4.62512 0.00000
0.2250 4.79966 0.00000
0.2250 4.97419 0.00000
0.2250 5.14872 0.00003
0.2250 5.32325 0.00000
0.2250 5.49779 0.00007
0.2250 5.67232 0.00126
0.2250 5.84685 0.02072
0.2250 6.02139 0.15865
0.2250 6.19592 0.57661

0.2350 0.08727 0.95840
0.2350 0.26180 0.66541
0.2350 0.43633 0.21257
0.2350 0.61087 0.03860
0.2350 0.78540 0.00441
0.2350 0.95993 0.00042
0.2350 1.13446 0.00016
0.2350 1.30900 0.00006
0.2350 1.48353 0.00000
0.2350 1.65806 0.00000
0.2350 1.83260 0.00003
0.2350 2.00713 0.00013
0.2350 2.18166 0.00058
0.2350 2.35619 0.00495
0.2350 2.53073 0.04374
0.2350 2.70526 0.25503
0.2350 2.87979 0.78666
0.2350 3.05433 1.11783
0.2350 3.22886 0.67784
0.2350 3.40339 0.17563
0.2350 3.57792 0.02457
0.2350 3.75246 0.00173
0.2350 3.92699 0.00010
0.2350 4.10152 0.00000
0.2350 4.27606 0.00000
0.2350 4.45059 0.00000
0.2350 4.62512 0.00000
0.2350 4.79966 0.00000
0.2350 4.97419 0.00000
0.2350 5.14872 0.00000
0.2350 5.32325 0.00000
0.2350 5.49779 0.00010
0.2350 5.67232 0.00169
0.2350 5.84685 0.01914
0.2350 6.02139 0.15487
0.2350 6.19592 0.58496

0.2450 0.08727 0.95127
0.2450 0.26180 0.68155
0.2450 0.43633 0.22060
0.2450 0.61087 0.03881
0.2450 0.78540 0.00548
0.2450 0.95993 0.00052
0.2450 1.13446 0.00003
0.2450 1.30900 0.00003
0.2450 1.48353 0.00000
0.2450 1.65806 0.00000
0.2450 1.83260 0.00000
0.2450 2.00713 0.00003
0.2450 2.18166 0.00070
0.2450 2.35619 0.00450
0.2450 2.53073 0.04319
0.2450 2.70526 0.25557
0.2450 2.87979 0.77797
0.2450 3.05433 1.10309
0.2450 3.22886 0.68161
0.2450 3.40339 0.18006
0.2450 3.57792 0.02240
0.2450 3.75246 0.00149
0.2450 3.92699 0.00009
0.2450 4.10152 0.00000
0.2450 4.27606 0.00000
0.2450 4.45059 0.00000
0.2450 4.62512 0.00000
0.2450 4.79966 0.00000
0.2450 4.97419 0.00000
0.2450 5.14872 0.00000
0.2450 5.32325 0.00000
0.2450 5.49779 0.00009
0.2450 5.67232 0.00128
0.2450 5.84685 0.02000
0.2450 6.02139 0.15608
0.2450 6.19592 0.58315

0.2550 0.08727 0.96430
0.2550 0.26180 0.67325
0.2550 0.43633 0.22353
0.2550 0.61087 0.04031
0.2550 0.78540 0.00414
0.2550 0.95993 0.00069
0.2550 1.13446 0.00011
0.2550 1.30900 0.00003
0.2550 1.48353 0.00006
0.2550 1.65806 0.00000
0.2550 1.83260 0.00000
0.2550 2.00713 0.00006
0.2550 2.18166 0.00066
0.2550 2.35619 0.00549
0.2550 2.53073 0.04264
0.2550 2.70526 0.25700
0.2550 2.87979 0.77770
0.2550 3.05433 1.10260
0.2550 3.22886 0.66986
0.2550 3.40339 0.18019
0.2550 3.57792 0.02227
0.2550 3.75246 0.00158
0.2550 3.92699 0.00000
0.2550 4.10152 0.00003
0.2550 4.27606 0.00000
0.2550 4.45059 0.00000
0.2550 4.62512 0.00000
0.2550 4.79966 0.00003
0.2550 4.97419 0.00000
0.2550 5.14872 0.00000
0.2550 5.32325 0.00000
0.2550 5.49779 0.00003
0.2550 5.67232 0.00141
0.2550 5.84685 0.01980
0.2550 6.02139 0.15764
0.2550 6.19592 0.58417

0.2650 0.08727 0.96640
0.2650 0.26180 0.67524
0.2650 0.43633 0.22493
0.2650 0.61087 0.03953
0.2650 0.78540 0.00486
0.2650 0.95993 0.00038
0.2650 1.13446 0.00005
0.2650 1.30900 0.00000
0.2650 1.48353 0.00000
0.2650 1.65806 0.00000
0.2650 1.83260 0.00000
0.2650 2.00713 0.00005
0.2650 2.18166 0.00044
0.2650 2.35619 0.00554
0.2650 2.53073 0.04475
0.2650 2.70526 0.25622
0.2650 2.87979 0.77584
0.2650 3.05433 1.09300
0.2650 3.22886 0.67390
0.2650 3.40339 0.17874
0.2650 3.57792 0.02206
0.2650 3.75246 0.00177
0.2650 3.92699 0.00003
0.2650 4.10152 0.00000
0.2650 4.27606 0.00000
0.2650 4.45059 0.00003
0.2650 4.62512 0.00000
0.2650 4.79966 0.00000
0.2650 4.97419 0.00000
0.2650 5.14872 0.00000
0.2650 5.32325 0.00000
0.2650 5.49779 0.00005
0.2650 5.67232 0.00150
0.2650 5.84685 0.02094
0.2650 6.02139 0.15843
0.2650 6.19592 0.58490

0.2750 0.08727 0.96233
0.2750 0.26180 0.68373
0.2750 0.43633 0.22160
0.2750 0.61087 0.03787
0.2750 0.78540 0.00460
0.2750 0.95993 0.00034
0.2750 1.13446 0.00005
0.2750 1.30900 0.00008
0.2750 1.48353 0.00000
0.2750 1.65806 0.00000
0.2750 1.83260 0.00000
0.2750 2.00713 0.00016
0.2750 2.18166 0.00062
0.2750 2.35619 0.00611
0.2750 2.53073 0.04429
0.2750 2.70526 0.25448
0.2750 2.87979 0.77773
0.2750 3.05433 1.09825
0.2750 3.22886 0.67321
0.2750 3.40339 0.17665
0.2750 3.57792 0.02259
0.2750 3.75246 0.00164
0.2750 3.92699 0.00008
0.2750 4.10152 0.00003
0.2750 4.27606 0.00000
0.2750 4.45059 0.00000
0.2750 4.62512 0.00000
0.2750 4.79966 0.00000
0.2750 4.97419 0.00000
0.2750 5.14872 0.00000
0.2750 5.32325 0.00000
0.2750 5.49779 0.00005
0.2750 5.67232 0.00125
0.2750 5.84685 0.01981
0.2750 6.02139 0.15591
0.2750 6.19592 0.58613

0.2850 0.08727 0.97200
0.2850 0.26180 0.68160
0.2850 0.43633 0.22547
0.2850 0.61087 0.04037
0.2850 0.78540 0.00488
0.2850 0.95993 0.00067
0.2850 1.13446 0.00015
0.2850 1.30900 0.00000
0.2850 1.48353 0.00000
0.2850 1.65806 0.00000
0.2850 1.83260 0.00000
0.2850 2.00713 0.00007
0.2850 2.18166 0.00077
0.2850 2.35619 0.00512
0.2850 2.53073 0.04488
0.2850 2.70526 0.25209
0.2850 2.87979 0.77155
0.2850 3.05433 1.09255
0.2850 3.22886 0.66593
0.2850 3.40339 0.17826
0.2850 3.57792 0.02438
0.2850 3.75246 0.00199
0.2850 3.92699 0.00007
0.2850 4.10152 0.00000
0.2850 4.27606 0.00000
0.2850 4.45059 0.00000
0.2850 4.62512 0.00000
0.2850 4.79966 0.00000
0.2850 4.97419 0.00000
0.2850 5.14872 0.00000
0.2850 5.32325 0.00000
0.2850 5.49779 0.00007
0.2850 5.67232 0.00139
0.2850 5.84685 0.01843
0.2850 6.02139 0.15756
0.2850 6.19592 0.58931

0.2950 0.08727 0.97914
0.2950 0.26180 0.69373
0.2950 0.43633 0.22822
0.2950 0.61087 0.04168
0.2950 0.78540 0.00416
0.2950 0.95993 0.00036
0.2950 1.13446 0.00012
0.2950 1.30900 0.00005
0.2950 1.48353 0.00000
0.2950 1.65806 0.00000
0.2950 1.83260 0.00000
0.2950 2.00713 0.00014
0.2950 2.18166 0.00058
0.2950 2.35619 0.00601
0.2950 2.53073 0.04476
0.2950 2.70526 0.25019
0.2950 2.87979 0.76764
0.2950 3.05433 1.07576
0.2950 3.22886 0.65523
0.2950 3.40339 0.17604
0.2950 3.57792 0.02286
0.2950 3.75246 0.00173
0.2950 3.92699 0.00005
0.2950 4.10152 0.00000
0.2950 4.27606 0.00000
0.2950 4.45059 0.00000
0.2950 4.62512 0.00000
0.2950 4.79966 0.00000
0.2950 4.97419 0.00000
0.2950 5.14872 0.00000
0.2950 5.32325 0.00000
0.2950 5.49779 0.00000
0.2950 5.67232 0.00149
0.2950 5.84685 0.01978
0.2950 6.02139 0.15845
0.2950 6.19592 0.60141

0.3050 0.08727 0.98934
0.3050 0.26180 0.69500
0.3050 0.43633 0.22901
0.3050 0.61087 0.03968
0.3050 0.78540 0.00547
0.3050 0.95993 0.00069
0.3050 1.13446 0.00011
0.3050 1.30900 0.00000
0.3050 1.48353 0.00002
0.3050 1.65806 0.00000
0.3050 1.83260 0.00000
0.3050 2.00713 0.00005
0.3050 2.18166 0.00071
0.3050 2.35619 0.00524
0.3050 2.53073 0.04457
0.3050 2.70526 0.25138
0.3050 2.87979 0.76114
0.3050 3.05433 1.06935
0.3050 3.22886 0.65603
0.3050 3.40339 0.17608
0.3050 3.57792 0.02264
0.3050 3.75246 0.00145
0.3050 3.92699 0.00009
0.3050 4.10152 0.00000
0.3050 4.27606 0.00000
0.3050 4.45059 0.00000
0.3050 4.62512 0.00000
0.3050 4.79966 0.00000
0.3050 4.97419 0.00000
0.3050 5.14872 0.00000
0.3050 5.32325 0.00000
0.3050 5.49779 0.00007
0.3050 5.67232 0.00135
0.3050 5.84685 0.02055
0.3050 6.02139 0.15930
0.3050 6.19592 0.60026

0.3150 0.08727 0.99943
0.3150 0.26180 0.70074
0.3150 0.43633 0.22643
0.3150 0.61087 0.03922
0.3150 0.78540 0.00449
0.3150 0.95993 0.00035
0.3150 1.13446 0.00015
0.3150 1.30900 0.00000
0.3150 1.48353 0.00000
0.3150 1.65806 0.00000
0.3150 1.83260 0.00002
0.3150 2.00713 0.00004
0.3150 2.18166 0.00046
0.3150 2.35619 0.00555
0.3150 2.53073 0.04292
0.3150 2.70526 0.24830
0.3150 2.87979 0.74939
0.3150 3.05433 1.07052
0.3150 3.22886 0.65262
0.3150 3.40339 0.17254
0.3150 3.57792 0.02143
0.3150 3.75246 0.00159
0.3150 3.92699 0.00018
0.3150 4.10152 0.00000
0.3150 4.27606 0.00002
0.3150 4.45059 0.00000
0.3150 4.62512 0.00000
0.3150 4.79966 0.00000
0.3150 4.97419 0.00000
0.3150 5.14872 0.00000
0.3150 5.32325 0.00000
0.3150 5.49779 0.00007
0.3150 5.67232 0.00139
0.3150 5.84685 0.02167
0.3150 6.02139 0.15984
0.3150 6.19592 0.61021

0.3250 0.08727 0.99586
0.3250 0.26180 0.70616
0.3250 0.43633 0.23343
0.3250 0.61087 0.03971
0.3250 0.78540 0.00526
0.3250 0.95993 0.00055
0.3250 1.13446 0.00008
0.3250 1.30900 0.00000
0.3250 1.48353 0.00000
0.3250 1.65806 0.00002
0.3250 1.83260 0.00000
0.3250 2.00713 0.00008
0.3250 2.18166 0.00055
0.3250 2.35619 0.00467
0.3250 2.53073 0.04421
0.3250 2.70526 0.24907
0.3250 2.87979 0.74781
0.3250 3.05433 1.05848
0.3250 3.22886 0.65146
0.3250 3.40339 0.17389
0.3250 3.57792 0.02239
0.3250 3.75246 0.00140
0.3250 3.92699 0.00006
0.3250 4.10152 0.00000
0.3250 4.27606 0.00000
0.3250 4.45059 0.00000
0.3250 4.62512 0.00000
0.3250 4.79966 0.00000
0.3250 4.97419 0.00000
0.3250 5.14872 0.00000
0.3250 5.32325 0.00000
0.3250 5.49779 0.00008
0.3250 5.67232 0.00153
0.3250 5.84685 0.02159
0.3250 6.02139 0.16262
0.3250 6.19592 0.60858

0.3350 0.08727 1.01346
0.3350 0.26180 0.71260
0.3350 0.43633 0.23303
0.3350 0.61087 0.04130
0.3350 0.78540 0.00505
0.3350 0.95993 0.00059
0.3350 1.13446 0.00004
0.3350 1.30900 0.00004
0.3350 1.48353 0.00000
0.3350 1.65806 0.00000
0.3350 1.83260 0.00004
0.3350 2.00713 0.00008
0.3350 2.18166 0.00053
0.3350 2.35619 0.00511
0.3350 2.53073 0.04377
0.3350 2.70526 0.24168
0.3350 2.87979 0.73984
0.3350 3.05433 1.04886
0.3350 3.22886 0.64125
0.3350 3.40339 0.17236
0.3350 3.57792 0.02176
0.3350 3.75246 0.00173
0.3350 3.92699 0.00012
0.3350 4.10152 0.00000
0.3350 4.27606 0.00000
0.3350 4.45059 0.00000
0.3350 4.62512 0.00000
0.3350 4.79966 0.00000
0.3350 4.97419 0.00000
0.3350 5.14872 0.00000
0.3350 5.32325 0.00000
0.3350 5.49779 0.00012
0.3350 5.67232 0.00157
0.3350 5.84685 0.01971
0.3350 6.02139 0.16506
0.3350 6.19592 0.61987

0.3450 0.08727 1.02055
0.3450 0.26180 0.71783
0.3450 0.43633 0.23208
0.3450 0.61087 0.04142
0.3450 0.78540 0.00472
0.3450 0.95993 0.00057
0.3450 1.13446 0.00004
0.3450 1.30900 0.00002
0.3450 1.48353 0.00000
0.3450 1.65806 0.00000
0.3450 1.83260 0.00004
0.3450 2.00713 0.00010
0.3450 2.18166 0.00057
0.3450 2.35619 0.00505
0.3450 2.53073 0.04152
0.3450 2.70526 0.24264
0.3450 2.87979 0.73732
0.3450 3.05433 1.04138
0.3450 3.22886 0.64332
0.3450 3.40339 0.17046
0.3450 3.57792 0.02221
0.3450 3.75246 0.00158
0.3450 3.92699 0.00006
0.3450 4.10152 0.00002
0.3450 4.27606 0.00000
0.3450 4.45059 0.00000
0.3450 4.62512 0.00000
0.3450 4.79966 0.00000
0.3450 4.97419 0.00000
0.3450 5.14872 0.00000
0.3450 5.32325 0.00000
0.3450 5.49779 0.00012
0.3450 5.67232 0.00155
0.3450 5.84685 0.02051
0.3450 6.02139 0.16739
0.3450 6.19592 0.61652

0.3550 0.08727 1.02634
0.3550 0.26180 0.72746
0.3550 0.43633 0.23482
0.3550 0.61087 0.04439
0.3550 0.78540 0.00502
0.3550 0.95993 0.00060
0.3550 1.13446 0.00004
0.3550 1.30900 0.00000
0.3550 1.48353 0.00000
0.3550 1.65806 0.00000
0.3550 1.83260 0.00002
0.3550 2.00713 0.00011
0.3550 2.18166 0.00052
0.3550 2.35619 0.00463
0.3550 2.53073 0.04195
0.3550 2.70526 0.23971
0.3550 2.87979 0.73608
0.3550 3.05433 1.03138
0.3550 3.22886 0.63301
0.3550 3.40339 0.16907
0.3550 3.57792 0.02202
0.3550 3.75246 0.00127
0.3550 3.92699 0.00007
0.3550 4.10152 0.00000
0.3550 4.27606 0.00000
0.3550 4.45059 0.00000
0.3550 4.62512 0.00000
0.3550 4.79966 0.00000
0.3550 4.97419 0.00000
0.3550 5.14872 0.00000
0.3550 5.32325 0.00000
0.3550 5.49779 0.00007
0.3550 5.67232 0.00162
0.3550 5.84685 0.02075
0.3550 6.02139 0.16610
0.3550 6.19592 0.62251

0.3650 0.08727 1.02852
0.3650 0.26180 0.73013
0.3650 0.43633 0.23563
0.3650 0.61087 0.04143
0.3650 0.78540 0.00526
0.3650 0.95993 0.00047
0.3650 1.13446 0.00007
0.3650 1.30900 0.00000
0.3650 1.48353 0.00000
0.3650 1.65806 0.00000
0.3650 1.83260 0.00002
0.3650 2.00713 0.00005
0.3650 2.18166 0.00074
0.3650 2.35619 0.00539
0.3650 2.53073 0.04284
0.3650 2.70526 0.23514
0.3650 2.87979 0.72865
0.3650 3.05433 1.03319
0.3650 3.22886 0.63250
0.3650 3.40339 0.16900
0.3650 3.57792 0.02145
0.3650 3.75246 0.00155
0.3650 3.92699 0.00009
0.3650 4.10152 0.00000
0.3650 4.27606 0.00000
0.3650 4.45059 0.00000
0.3650 4.62512 0.00000
0.3650 4.79966 0.00000
0.3650 4.97419 0.00000
0.3650 5.14872 0.00000
0.3650 5.32325 0.00000
0.3650 5.49779 0.00005
0.3650 5.67232 0.00169
0.3650 5.84685 0.02082
0.3650 6.02139 0.16530
0.3650 6.19592 0.62960

0.3750 0.08727 1.03541
0.3750 0.26180 0.73152
0.3750 0.43633 0.23939
0.3750 0.61087 0.04275
0.3750 0.78540 0.00547
0.3750 0.95993 0.00073
0.3750 1.13446 0.00012
0.3750 1.30900 0.00000
0.3750 1.48353 0.00003
0.3750 1.65806 0.00000
0.3750 1.83260 0.00005
0.3750 2.00713 0.00005
0.3750 2.18166 0.00050
0.3750 2.35619 0.00502
0.3750 2.53073 0.04096
0.3750 2.70526 0.23583
0.3750 2.87979 0.73055
0.3750 3.05433 1.02701
0.3750 3.22886 0.62493
0.3750 3.40339 0.16255
0.3750 3.57792 0.01986
0.3750 3.75246 0.00169
0.3750 3.92699 0.00007
0.3750 4.10152 0.00002
0.3750 4.27606 0.00000
0.3750 4.45059 0.00002
0.3750 4.62512 0.00002
0.3750 4.79966 0.00000
0.3750 4.97419 0.00000
0.3750 5.14872 0.00000
0.3750 5.32325 0.00000
0.3750 5.49779 0.00009
0.3750 5.67232 0.00136
0.3750 5.84685 0.02134
0.3750 6.02139 0.16602
0.3750 6.19592 0.63619

0.3850 0.08727 1.04452
0.3850 0.26180 0.73016
0.3850 0.43633 0.23747
0.3850 0.61087 0.04169
0.3850 0.78540 0.00520
0.3850 0.95993 0.00069
0.3850 1.13446 0.00010
0.3850 1.30900 0.00000
0.3850 1.48353 0.00000
0.3850 1.65806 0.00002
0.3850 1.83260 0.00002
0.3850 2.00713 0.00005
0.3850 2.18166 0.00053
0.3850 2.35619 0.00501
0.3850 2.53073 0.04078
0.3850 2.70526 0.23705
0.3850 2.87979 0.72162
0.3850 3.05433 1.02752
0.3850 3.22886 0.62101
0.3850 3.40339 0.16464
0.3850 3.57792 0.02103
0.3850 3.75246 0.00152
0.3850 3.92699 0.00015
0.3850 4.10152 0.00000
0.3850 4.27606 0.00000
0.3850 4.45059 0.00000
0.3850 4.62512 0.00000
0.3850 4.79966 0.00000
0.3850 4.97419 0.00002
0.3850 5.14872 0.00000
0.3850 5.32325 0.00000
0.3850 5.49779 0.00013
0.3850 5.67232 0.00152
0.3850 5.84685 0.02147
0.3850 6.02139 0.16946
0.3850 6.19592 0.63620

0.3950 0.08727 1.03424
0.3950 0.26180 0.73417
0.3950 0.43633 0.23853
0.3950 0.61087 0.04371
0.3950 0.78540 0.00564
0.3950 0.95993 0.00075
0.3950 1.13446 0.00002
0.3950 1.30900 0.00002
0.3950 1.48353 0.00000
0.3950 1.65806 0.00002
0.3950 1.83260 0.00005
0.3950 2.00713 0.00010
0.3950 2.18166 0.00051
0.3950 2.35619 0.00504
0.3950 2.53073 0.04181
0.3950 2.70526 0.23770
0.3950 2.87979 0.72472
0.3950 3.05433 1.02915
0.3950 3.22886 0.62527
0.3950 3.40339 0.16190
0.3950 3.57792 0.02172
0.3950 3.75246 0.00166
0.3950 3.92699 0.00010
0.3950 4.10152 0.00002
0.3950 4.27606 0.00002
0.3950 4.45059 0.00000
0.3950 4.62512 0.00000
0.3950 4.79966 0.00000
0.3950 4.97419 0.00000
0.3950 5.14872 0.00000
0.3950 5.32325 0.00000
0.3950 5.49779 0.00005
0.3950 5.67232 0.00162
0.3950 5.84685 0.02148
0.3950 6.02139 0.16645
0.3950 6.19592 0.63314

0.4050 0.08727 1.03216
0.4050 0.26180 0.72997
0.4050 0.43633 0.24193
0.4050 0.61087 0.04390
0.4050 0.78540 0.00526
0.4050 0.95993 0.00061
0.4050 1.13446 0.00006
0.4050 1.30900 0.00002
0.4050 1.48353 0.00000
0.4050 1.65806 0.00002
0.4050 1.83260 0.00002
0.4050 2.00713 0.00006
0.4050 2.18166 0.00056
0.4050 2.35619 0.00498
0.4050 2.53073 0.04210
0.4050 2.70526 0.23883
0.4050 2.87979 0.72090
0.4050 3.05433 1.02903
0.4050 3.22886 0.62382
0.4050 3.40339 0.16887
0.4050 3.57792 0.02177
0.4050 3.75246 0.00146
0.4050 3.92699 0.00008
0.4050 4.10152 0.00000
0.4050 4.27606 0.00000
0.4050 4.45059 0.00000
0.4050 4.62512 0.00000
0.4050 4.79966 0.00000
0.4050 4.97419 0.00000
0.4050 5.14872 0.00000
0.4050 5.32325 0.00000
0.4050 5.49779 0.00003
0.4050 5.67232 0.00136
0.4050 5.84685 0.02055
0.4050 6.02139 0.16949
0.4050 6.19592 0.63175

0.4150 0.08727 1.03662
0.4150 0.26180 0.73001
0.4150 0.43633 0.23681
0.4150 0.61087 0.04234
0.4150 0.78540 0.00491
0.4150 0.95993 0.00048
0.4150 1.13446 0.00013
0.4150 1.30900 0.00000
0.4150 1.48353 0.00001
0.4150 1.65806 0.00000
0.4150 1.83260 0.00000
0.4150 2.00713 0.00009
0.4150 2.18166 0.00052
0.4150 2.35619 0.00468
0.4150 2.53073 0.04180
0.4150 2.70526 0.23613
0.4150 2.87979 0.72271
0.4150 3.05433 1.03396
0.4150 3.22886 0.62658
0.4150 3.40339 0.16847
0.4150 3.57792 0.02108
0.4150 3.75246 0.00156
0.4150 3.92699 0.00010
0.4150 4.10152 0.00000
0.4150 4.27606 0.00000
0.4150 4.45059 0.00000
0.4150 4.62512 0.00000
0.4150 4.79966 0.00000
0.4150 4.97419 0.00000
0.4150 5.14872 0.00000
0.4150 5.32325 0.00000
0.4150 5.49779 0.00009
0.4150 5.67232 0.00163
0.4150 5.84685 0.02107
0.4150 6.02139 0.16851
0.4150 6.19592 0.62929

0.4250 0.08727 1.03307
0.4250 0.26180 0.72517
0.4250 0.43633 0.23846
0.4250 0.61087 0.04175
0.4250 0.78540 0.00482
0.4250 0.95993 0.00067
0.4250 1.13446 0.00007
0.4250 1.30900 0.00001
0.4250 1.48353 0.00001
0.4250 1.65806 0.00001
0.4250 1.83260 0.00003
0.4250 2.00713 0.00006
0.4250 2.18166 0.00069
0.4250 2.35619 0.00526
0.4250 2.53073 0.04263
0.4250 2.70526 0.23263
0.4250 2.87979 0.73161
0.4250 3.05433 1.02925
0.4250 3.22886 0.63225
0.4250 3.40339 0.16753
0.4250 3.57792 0.02202
0.4250 3.75246 0.00152
0.4250 3.92699 0.00006
0.4250 4.10152 0.00000
0.4250 4.27606 0.00000
0.4250 4.45059 0.00000
0.4250 4.62512 0.00000
0.4250 4.79966 0.00000
0.4250 4.97419 0.00000
0.4250 5.14872 0.00000
0.4250 5.32325 0.00000
0.4250 5.49779 0.00013
0.4250 5.67232 0.00145
0.4250 5.84685 0.02172
0.4250 6.02139 0.16521
0.4250 6.19592 0.63148

0.4350 0.08727 1.03595
0.4350 0.26180 0.73032
0.4350 0.43633 0.24062
0.4350 0.61087 0.04254
0.4350 0.78540 0.00535
0.4350 0.95993 0.00055
0.4350 1.13446 0.00008
0.4350 1.30900 0.00003
0.4350 1.48353 0.00001
0.4350 1.65806 0.00000
0.4350 1.83260 0.00003
0.4350 2.00713 0.00005
0.4350 2.18166 0.00065
0.4350 2.35619 0.00480
0.4350 2.53073 0.04251
0.4350 2.70526 0.23531
0.4350 2.87979 0.72528
0.4350 3.05433 1.02474
0.4350 3.22886 0.62546
0.4350 3.40339 0.16765
0.4350 3.57792 0.02107
0.4350 3.75246 0.00162
0.4350 3.92699 0.00005
0.4350 4.10152 0.00001
0.4350 4.27606 0.00000
0.4350 4.45059 0.00000
0.4350 4.62512 0.00000
0.4350 4.79966 0.00000
0.4350 4.97419 0.00000
0.4350 5.14872 0.00000
0.4350 5.32325 0.00001
0.4350 5.49779 0.00005
0.4350 5.67232 0.00181
0.4350 5.84685 0.02201
0.4350 6.02139 0.16675
0.4350 6.19592 0.63423

0.4450 0.08727 1.03712
0.4450 0.26180 0.73454
0.4450 0.43633 0.24108
0.4450 0.61087 0.04284
0.4450 0.78540 0.00495
0.4450 0.95993 0.00054
0.4450 1.13446 0.00010
0.4450 1.30900 0.00003
0.4450 1.48353 0.00000
0.4450 1.65806 0.00000
0.4450 1.83260 0.00000
0.4450 2.00713 0.00006
0.4450 2.18166 0.00070
0.4450 2.35619 0.00510
0.4450 2.53073 0.04079
0.4450 2.70526 0.23453
0.4450 2.87979 0.72276
0.4450 3.05433 1.02225
0.4450 3.22886 0.62488
0.4450 3.40339 0.16628
0.4450 3.57792 0.02034
0.4450 3.75246 0.00144
0.4450 3.92699 0.00010
0.4450 4.10152 0.00000
0.4450 4.27606 0.00000
0.4450 4.45059 0.00000
0.4450 4.62512 0.00000
0.4450 4.79966 0.00000
0.4450 4.97419 0.00000
0.4450 5.14872 0.00000
0.4450 5.32325 0.00001
0.4450 5.49779 0.00010
0.4450 5.67232 0.00140
0.4450 5.84685 0.02119
0.4450 6.02139 0.16833
0.4450 6.19592 0.63812

0.4550 0.08727 1.04335
0.4550 0.26180 0.74030
0.4550 0.43633 0.24046
0.4550 0.61087 0.04246
0.4550 0.78540 0.00517
0.4550 0.95993 0.00054
0.4550 1.13446 0.00012
0.4550 1.30900 0.00001
0.4550 1.48353 0.00000
0.4550 1.65806 0.00002
0.4550 1.83260 0.00001
0.4550 2.00713 0.00011
0.4550 2.18166 0.00057
0.4550 2.35619 0.00497
0.4550 2.53073 0.04135
0.4550 2.70526 0.23505
0.4550 2.87979 0.71536
0.4550 3.05433 1.01364
0.4550 3.22886 0.62286
0.4550 3.40339 0.16768
0.4550 3.57792 0.02152
0.4550 3.75246 0.00143
0.4550 3.92699 0.00007
0.4550 4.10152 0.00000
0.4550 4.27606 0.00000
0.4550 4.45059 0.00000
0.4550 4.62512 0.00000
0.4550 4.79966 0.00000
0.4550 4.97419 0.00000
0.4550 5.14872 0.00001
0.4550 5.32325 0.00000
0.4550 5.49779 0.00009
0.4550 5.67232 0.00165
0.4550 5.84685 0.02055
0.4550 6.02139 0.16862
0.4550 6.19592 0.64157

0.4650 0.08727 1.05547
0.4650 0.26180 0.73986
0.4650 0.43633 0.24006
0.4650 0.61087 0.04235
0.4650 0.78540 0.00476
0.4650 0.95993 0.00061
0.4650 1.13446 0.00008
0.4650 1.30900 0.00002
0.4650 1.48353 0.00000
0.4650 1.65806 0.00001
0.4650 1.83260 0.00001
0.4650 2.00713 0.00012
0.4650 2.18166 0.00049
0.4650 2.35619 0.00503
0.4650 2.53073 0.04082
0.4650 2.70526 0.23201
0.4650 2.87979 0.71767
0.4650 3.05433 1.00394
0.4650 3.22886 0.62137
0.4650 3.40339 0.16363
0.4650 3.57792 0.02133
0.4650 3.75246 0.00140
0.4650 3.92699 0.00006
0.4650 4.10152 0.00001
0.4650 4.27606 0.00000
0.4650 4.45059 0.00000
0.4650 4.62512 0.00000
0.4650 4.79966 0.00000
0.4650 4.97419 0.00000
0.4650 5.14872 0.00000
0.4650 5.32325 0.00000
0.4650 5.49779 0.00016
0.4650 5.67232 0.00156
0.4650 5.84685 0.02203
0.4650 6.02139 0.17129
0.4650 6.19592 0.64340

0.4750 0.08727 1.05240
0.4750 0.26180 0.73935
0.4750 0.43633 0.24161
0.4750 0.61087 0.04233
0.4750 0.78540 0.00503
0.4750 0.95993 0.00072
0.4750 1.13446 0.00007
0.4750 1.30900 0.00002
0.4750 1.48353 0.00002
0.4750 1.65806 0.00001
0.4750 1.83260 0.00007
0.4750 2.00713 0.00007
0.4750 2.18166 0.00050
0.4750 2.35619 0.00498
0.4750 2.53073 0.04080
0.4750 2.70526 0.23127
0.4750 2.87979 0.71428
0.4750 3.05433 1.01286
0.4750 3.22886 0.61603
0.4750 3.40339 0.16234
0.4750 3.57792 0.02082
0.4750 3.75246 0.00142
0.4750 3.92699 0.00004
0.4750 4.10152 0.00000
0.4750 4.27606 0.00000
0.4750 4.45059 0.00000
0.4750 4.62512 0.00001
0.4750 4.79966 0.00000
0.4750 4.97419 0.00000
0.4750 5.14872 0.00000
0.4750 5.32325 0.00001
0.4750 5.49779 0.00006
0.4750 5.67232 0.00151
0.4750 5.84685 0.02260
0.4750 6.02139 0.17206
0.4750 6.19592 0.64627

0.4850 0.08727 1.05030
0.4850 0.26180 0.74094
0.4850 0.43633 0.24068
0.4850 0.61087 0.04310
0.4850 0.78540 0.00537
0.4850 0.95993 0.00070
0.4850 1.13446 0.00010
0.4850 1.30900 0.00002
0.4850 1.48353 0.00000
0.4850 1.65806 0.00002
0.4850 1.83260 0.00001
0.4850 2.00713 0.00005
0.4850 2.18166 0.00056
0.4850 2.35619 0.00506
0.4850 2.53073 0.04102
0.4850 2.70526 0.23288
0.4850 2.87979 0.71097
0.4850 3.05433 1.00980
0.4850 3.22886 0.62016
0.4850 3.40339 0.16608
0.4850 3.57792 0.02090
0.4850 3.75246 0.00134
0.4850 3.92699 0.00009
0.4850 4.10152 0.00001
0.4850 4.27606 0.00000
0.4850 4.45059 0.00000
0.4850 4.62512 0.00000
0.4850 4.79966 0.00000
0.4850 4.97419 0.00000
0.4850 5.14872 0.00000
0.4850 5.32325 0.00001
0.4850 5.49779 0.00013
0.4850 5.67232 0.00167
0.4850 5.84685 0.02170
0.4850 6.02139 0.17324
0.4850 6.19592 0.64264

0.4950 0.08727 1.05357
0.4950 0.26180 0.74078
0.4950 0.43633 0.24116
0.4950 0.61087 0.04221
0.4950 0.78540 0.00487
0.4950 0.95993 0.00065
0.4950 1.13446 0.00008
0.4950 1.30900 0.00003
0.4950 1.48353 0.00002
0.4950 1.65806 0.00000
0.4950 1.83260 0.00000
0.4950 2.00713 0.00003
0.4950 2.18166 0.00057
0.4950 2.35619 0.00494
0.4950 2.53073 0.04130
0.4950 2.70526 0.23472
0.4950 2.87979 0.71515
0.4950 3.05433 1.00785
0.4950 3.22886 0.61994
0.4950 3.40339 0.16296
0.4950 3.57792 0.02021
0.4950 3.75246 0.00140
0.4950 3.92699 0.00007
0.4950 4.10152 0.00000
0.4950 4.27606 0.00000
0.4950 4.45059 0.00000
0.4950 4.62512 0.00000
0.4950 4.79966 0.00000
0.4950 4.97419 0.00000
0.4950 5.14872 0.00000
0.4950 5.32325 0.00000
0.4950 5.49779 0.00007
0.4950 5.67232 0.00150
0.4950 5.84685 0.02175
0.4950 6.02139 0.17144
0.4950 6.19592 0.64229

0.5050 0.08727 1.04781
0.5050 0.26180 0.73954
0.5050 0.43633 0.24404
0.5050 0.61087 0.04292
0.5050 0.78540 0.00501
0.5050 0.95993 0.00063
0.5050 1.13446 0.00007
0.5050 1.30900 0.00000
0.5050 1.48353 0.00002
0.5050 1.65806 0.00002
0.5050 1.83260 0.00006
0.5050 2.00713 0.00010
0.5050 2.18166 0.00054
0.5050 2.35619 0.00511
0.5050 2.53073 0.04089
0.5050 2.70526 0.23345
0.5050 2.87979 0.71082
0.5050 3.05433 1.01400
0.5050 3.22886 0.62174
0.5050 3.40339 0.16701
0.5050 3.57792 0.02094
0.5050 3.75246 0.00151
0.5050 3.92699 0.00006
0.5050 4.10152 0.00002
0.5050 4.27606 0.00000
0.5050 4.45059 0.00000
0.5050 4.62512 0.00000
0.5050 4.79966 0.00000
0.5050 4.97419 0.00001
0.5050 5.14872 0.00000
0.5050 5.32325 0.00000
0.5050 5.49779 0.00009
0.5050 5.67232 0.00148
0.5050 5.84685 0.02236
0.5050 6.02139 0.17112
0.5050 6.19592 0.63824

0.5150 0.08727 1.04033
0.5150 0.26180 0.73635
0.5150 0.43633 0.24019
0.5150 0.61087 0.04189
0.5150 0.78540 0.00526
0.5150 0.95993 0.00054
0.5150 1.13446 0.00007
0.5150 1.30900 0.00004
0.5150 1.48353 0.00001
0.5150 1.65806 0.00002
0.5150 1.83260 0.00001
0.5150 2.00713 0.00008
0.5150 2.18166 0.00051
0.5150 2.35619 0.00494
0.5150 2.53073 0.04239
0.5150 2.70526 0.23470
0.5150 2.87979 0.71607
0.5150 3.05433 1.01750
0.5150 3.22886 0.62468
0.5150 3.40339 0.16710
0.5150 3.57792 0.02106
0.5150 3.75246 0.00144
0.5150 3.92699 0.00006
0.5150 4.10152 0.00001
0.5150 4.27606 0.00000
0.5150 4.45059 0.00000
0.5150 4.62512 0.00000
0.5150 4.79966 0.00000
0.5150 4.97419 0.00000
0.5150 5.14872 0.00000
0.5150 5.32325 0.00001
0.5150 5.49779 0.00008
0.5150 5.67232 0.00156
0.5150 5.84685 0.02154
0.5150 6.02139 0.17044
0.5150 6.19592 0.64072

0.5250 0.08727 1.04393
0.5250 0.26180 0.73201
0.5250 0.43633 0.24140
0.5250 0.61087 0.04290
0.5250 0.78540 0.00502
0.5250 0.95993 0.00053
0.5250 1.13446 0.00006
0.5250 1.30900 0.00001
0.5250 1.48353 0.00000
0.5250 1.65806 0.00001
0.5250 1.83260 0.00002
0.5250 2.00713 0.00007
0.5250 2.18166 0.00049
0.5250 2.35619 0.00531
0.5250 2.53073 0.04134
0.5250 2.70526 0.23803
0.5250 2.87979 0.71964
0.5250 3.05433 1.01893
0.5250 3.22886 0.62498
0.5250 3.40339 0.16574
0.5250 3.57792 0.02070
0.5250 3.75246 0.00168
0.5250 3.92699 0.00010
0.5250 4.10152 0.00001
0.5250 4.27606 0.00000
0.5250 4.45059 0.00001
0.5250 4.62512 0.00000
0.5250 4.79966 0.00000
0.5250 4.97419 0.00000
0.5250 5.14872 0.00000
0.5250 5.32325 0.00000
0.5250 5.49779 0.00005
0.5250 5.67232 0.00149
0.5250 5.84685 0.02121
0.5250 6.02139 0.16882
0.5250 6.19592 0.63510

0.5350 0.08727 1.03348
0.5350 0.26180 0.73280
0.5350 0.43633 0.23921
0.5350 0.61087 0.04318
0.5350 0.78540 0.00513
0.5350 0.95993 0.00053
0.5350 1.13446 0.00006
0.5350 1.30900 0.00001
0.5350 1.48353 0.00002
0.5350 1.65806 0.00000
0.5350 1.83260 0.00003
0.5350 2.00713 0.00007
0.5350 2.18166 0.00056
0.5350 2.35619 0.00537
0.5350 2.53073 0.04217
0.5350 2.70526 0.23657
0.5350 2.87979 0.72625
0.5350 3.05433 1.02449
0.5350 3.22886 0.62428
0.5350 3.40339 0.16842
0.5350 3.57792 0.02067
0.5350 3.75246 0.00156
0.5350 3.92699 0.00012
0.5350 4.10152 0.00000
0.5350 4.27606 0.00000
0.5350 4.45059 0.00000
0.5350 4.62512 0.00000
0.5350 4.79966 0.00000
0.5350 4.97419 0.00000
0.5350 5.14872 0.00000
0.5350 5.32325 0.00000
0.5350 5.49779 0.00009
0.5350 5.67232 0.00143
0.5350 5.84685 0.02141
0.5350 6.02139 0.16893
0.5350 6.19592 0.63275

0.5450 0.08727 1.03545
0.5450 0.26180 0.72754
0.5450 0.43633 0.23985
0.5450 0.61087 0.04338
0.5450 0.78540 0.00517
0.5450 0.95993 0.00054
0.5450 1.13446 0.00005
0.5450 1.30900 0.00003
0.5450 1.48353 0.00000
0.5450 1.65806 0.00000
0.5450 1.83260 0.00003
0.5450 2.00713 0.00004
0.5450 2.18166 0.00074
0.5450 2.35619 0.00499
0.5450 2.53073 0.04190
0.5450 2.70526 0.23833
0.5450 2.87979 0.72272
0.5450 3.05433 1.03055
0.5450 3.22886 0.62636
0.5450 3.40339 0.16608
0.5450 3.57792 0.02138
0.5450 3.75246 0.00153
0.5450 3.92699 0.00009
0.5450 4.10152 0.00000
0.5450 4.27606 0.00000
0.5450 4.45059 0.00000
0.5450 4.62512 0.00000
0.5450 4.79966 0.00000
0.5450 4.97419 0.00000
0.5450 5.14872 0.00000
0.5450 5.32325 0.00001
0.5450 5.49779 0.00003
0.5450 5.67232 0.00162
0.5450 5.84685 0.02145
0.5450 6.02139 0.16884
0.5450 6.19592 0.63087

0.5550 0.08727 1.03456
0.5550 0.26180 0.73183
0.5550 0.43633 0.23861
0.5550 0.61087 0.04261
0.5550 0.78540 0.00555
0.5550 0.95993 0.00072
0.5550 1.13446 0.00010
0.5550 1.30900 0.00001
0.5550 1.48353 0.00000
0.5550 1.65806 0.00000
0.5550 1.83260 0.00001
0.5550 2.00713 0.00015
0.5550 2.18166 0.00057
0.5550 2.35619 0.00537
0.5550 2.53073 0.04184
0.5550 2.70526 0.23791
0.5550 2.87979 0.72073
0.5550 3.05433 1.02870
0.5550 3.22886 0.62739
0.5550 3.40339 0.16824
0.5550 3.57792 0.02049
0.5550 3.75246 0.00158
0.5550 3.92699 0.00011
0.5550 4.10152 0.00002
0.5550 4.27606 0.00000
0.5550 4.45059 0.00000
0.5550 4.62512 0.00000
0.5550 4.79966 0.00000
0.5550 4.97419 0.00000
0.5550 5.14872 0.00000
0.5550 5.32325 0.00001
0.5550 5.49779 0.00003
0.5550 5.67232 0.00170
0.5550 5.84685 0.02168
0.5550 6.02139 0.16777
0.5550 6.19592 0.63130

0.5650 0.08727 1.02720
0.5650 0.26180 0.72672
0.5650 0.43633 0.23812
0.5650 0.61087 0.04245
0.5650 0.78540 0.00546
0.5650 0.95993 0.00069
0.5650 1.13446 0.00007
0.5650 1.30900 0.00000
0.5650 1.48353 0.00000
0.5650 1.65806 0.00001
0.5650 1.83260 0.00002
0.5650 2.00713 0.00008
0.5650 2.18166 0.00057
0.5650 2.35619 0.00506
0.5650 2.53073 0.04286
0.5650 2.70526 0.23656
0.5650 2.87979 0.72983
0.5650 3.05433 1.03175
0.5650 3.22886 0.63080
0.5650 3.40339 0.16803
0.5650 3.57792 0.02208
0.5650 3.75246 0.00154
0.5650 3.92699 0.00011
0.5650 4.10152 0.00000
0.5650 4.27606 0.00000
0.5650 4.45059 0.00000
0.5650 4.62512 0.00000
0.5650 4.79966 0.00000
0.5650 4.97419 0.00000
0.5650 5.14872 0.00000
0.5650 5.32325 0.00001
0.5650 5.49779 0.00007
0.5650 5.67232 0.00159
0.5650 5.84685 0.02197
0.5650 6.02139 0.16660
0.5650 6.19592 0.62934

0.5750 0.08727 1.02082
0.5750 0.26180 0.72358
0.5750 0.43633 0.23608
0.5750 0.61087 0.04225
0.5750 0.78540 0.00528
0.5750 0.95993 0.00062
0.5750 1.13446 0.00012
0.5750 1.30900 0.00002
0.5750 1.48353 0.00001
0.5750 1.65806 0.00002
0.5750 1.83260 0.00001
0.5750 2.00713 0.00006
0.5750 2.18166 0.00066
0.5750 2.35619 0.00543
0.5750 2.53073 0.04303
0.5750 2.70526 0.24098
0.5750 2.87979 0.73224
0.5750 3.05433 1.03487
0.5750 3.22886 0.63207
0.5750 3.40339 0.16852
0.5750 3.57792 0.02067
0.5750 3.75246 0.00149
0.5750 3.92699 0.00005
0.5750 4.10152 0.00000
0.5750 4.27606 0.00000
0.5750 4.45059 0.00000
0.5750 4.62512 0.00000
0.5750 4.79966 0.00000
0.5750 4.97419 0.00000
0.5750 5.14872 0.00000
0.5750 5.32325 0.00000
0.5750 5.49779 0.00011
0.5750 5.67232 0.00165
0.5750 5.84685 0.02096
0.5750 6.02139 0.16797
0.5750 6.19592 0.63001

0.5850 0.08727 1.01585
0.5850 0.26180 0.72158
0.5850 0.43633 0.23575
0.5850 0.61087 0.04270
0.5850 0.78540 0.00513
0.5850 0.95993 0.00043
0.5850 1.13446 0.00011
0.5850 1.30900 0.00002
0.5850 1.48353 0.00000
0.5850 1.65806 0.00002
0.5850 1.83260 0.00000
0.5850 2.00713 0.00011
0.5850 2.18166 0.00049
0.5850 2.35619 0.00536
0.5850 2.53073 0.04321
0.5850 2.70526 0.24216
0.5850 2.87979 0.73256
0.5850 3.05433 1.04256
0.5850 3.22886 0.63673
0.5850 3.40339 0.16849
0.5850 3.57792 0.02195
0.5850 3.75246 0.00158
0.5850 3.92699 0.00010
0.5850 4.10152 0.00001
0.5850 4.27606 0.00000
0.5850 4.45059 0.00000
0.5850 4.62512 0.00000
0.5850 4.79966 0.00000
0.5850 4.97419 0.00000
0.5850 5.14872 0.00000
0.5850 5.32325 0.00001
0.5850 5.49779 0.00007
0.5850 5.67232 0.00163
0.5850 5.84685 0.02152
0.5850 6.02139 0.16694
0.5850 6.19592 0.62254

0.5950 0.08727 1.01621
0.5950 0.26180 0.71949
0.5950 0.43633 0.23438
0.5950 0.61087 0.04249
0.5950 0.78540 0.00508
0.5950 0.95993 0.00052
0.5950 1.13446 0.00010
0.5950 1.30900 0.00002
0.5950 1.48353 0.00000
0.5950 1.65806 0.00000
0.5950 1.83260 0.00002
0.5950 2.00713 0.00004
0.5950 2.18166 0.00057
0.5950 2.35619 0.00532
0.5950 2.53073 0.04290
0.5950 2.70526 0.24380
0.5950 2.87979 0.73605
0.5950 3.05433 1.04921
0.5950 3.22886 0.63680
0.5950 3.40339 0.16794
0.5950 3.57792 0.02201
0.5950 3.75246 0.00160
0.5950 3.92699 0.00012
0.5950 4.10152 0.00002
0.5950 4.27606 0.00000
0.5950 4.45059 0.00001
0.5950 4.62512 0.00000
0.5950 4.79966 0.00000
0.5950 4.97419 0.00000
0.5950 5.14872 0.00000
0.5950 5.32325 0.00000
0.5950 5.49779 0.00008
0.5950 5.67232 0.00157
0.5950 5.84685 0.02138
0.5950 6.02139 0.16483
0.5950 6.19592 0.61703

0.6050 0.08727 1.01343
0.6050 0.26180 0.71572
0.6050 0.43633 0.23538
0.6050 0.61087 0.04183
0.6050 0.78540 0.00551
0.6050 0.95993 0.00050
0.6050 1.13446 0.00004
0.6050 1.30900 0.00003
0.6050 1.48353 0.00001
0.6050 1.65806 0.00001
0.6050 1.83260 0.00003
0.6050 2.00713 0.00012
0.6050 2.18166 0.00070
0.6050 2.35619 0.00532
0.6050 2.53073 0.04303
0.6050 2.70526 0.24395
0.6050 2.87979 0.73596
0.6050 3.05433 1.04696
0.6050 3.22886 0.64000
0.6050 3.40339 0.17088
0.6050 3.57792 0.02221
0.6050 3.75246 0.00161
0.6050 3.92699 0.00013
0.6050 4.10152 0.00000
0.6050 4.27606 0.00000
0.6050 4.45059 0.00000
0.6050 4.62512 0.00000
0.6050 4.79966 0.00000
0.6050 4.97419 0.00000
0.6050 5.14872 0.00001
0.6050 5.32325 0.00002
0.6050 5.49779 0.00011
0.6050 5.67232 0.00152
0.6050 5.84685 0.02149
0.6050 6.02139 0.16496
0.6050 6.19592 0.61811

0.6150 0.08727 1.00766
0.6150 0.26180 0.71236
0.6150 0.43633 0.23649
0.6150 0.61087 0.04178
0.6150 0.78540 0.00521
0.6150 0.95993 0.00064
0.6150 1.13446 0.00011
0.6150 1.30900 0.00002
0.6150 1.48353 0.00000
0.6150 1.65806 0.00001
0.6150 1.83260 0.00002
0.6150 2.00713 0.00010
0.6150 2.18166 0.00051
0.6150 2.35619 0.00527
0.6150 2.53073 0.04324
0.6150 2.70526 0.24500
0.6150 2.87979 0.73962
0.6150 3.05433 1.05197
0.6150 3.22886 0.64073
0.6150 3.40339 0.17025
0.6150 3.57792 0.02176
0.6150 3.75246 0.00142
0.6150 3.92699 0.00008
0.6150 4.10152 0.00000
0.6150 4.27606 0.00000
0.6150 4.45059 0.00000
0.6150 4.62512 0.00000
0.6150 4.79966 0.00000
0.6150 4.97419 0.00000
0.6150 5.14872 0.00000
0.6150 5.32325 0.00003
0.6150 5.49779 0.00010
0.6150 5.67232 0.00158
0.6150 5.84685 0.02028
0.6150 6.02139 0.16583
0.6150 6.19592 0.61752

0.6250 0.08727 1.00881
0.6250 0.26180 0.71669
0.6250 0.43633 0.23606
0.6250 0.61087 0.04212
0.6250 0.78540 0.00523
0.6250 0.95993 0.00075
0.6250 1.13446 0.00012
0.6250 1.30900 0.00002
0.6250 1.48353 0.00002
0.6250 1.65806 0.00001
0.6250 1.83260 0.00003
0.6250 2.00713 0.00013
0.6250 2.18166 0.00062
0.6250 2.35619 0.00541
0.6250 2.53073 0.04437
0.6250 2.70526 0.24416
0.6250 2.87979 0.73775
0.6250 3.05433 1.05017
0.6250 3.22886 0.64267
0.6250 3.40339 0.16994
0.6250 3.57792 0.02215
0.6250 3.75246 0.00164
0.6250 3.92699 0.00009
0.6250 4.10152 0.00001
0.6250 4.27606 0.00001
0.6250 4.45059 0.00000
0.6250 4.62512 0.00000
0.6250 4.79966 0.00000
0.6250 4.97419 0.00000
0.6250 5.14872 0.00000
0.6250 5.32325 0.00002
0.6250 5.49779 0.00010
0.6250 5.67232 0.00171
0.6250 5.84685 0.02108
0.6250 6.02139 0.16534
0.6250 6.19592 0.61236

0.6350 0.08727 1.00646
0.6350 0.26180 0.71323
0.6350 0.43633 0.23562
0.6350 0.61087 0.04289
0.6350 0.78540 0.00506
0.6350 0.95993 0.00070
0.6350 1.13446 0.00012
0.6350 1.30900 0.00005
0.6350 1.48353 0.00002
0.6350 1.65806 0.00000
0.6350 1.83260 0.00001
0.6350 2.00713 0.00008
0.6350 2.18166 0.00063
0.6350 2.35619 0.00550
0.6350 2.53073 0.04513
0.6350 2.70526 0.24218
0.6350 2.87979 0.74036
0.6350 3.05433 1.04921
0.6350 3.22886 0.63763
0.6350 3.40339 0.17104
0.6350 3.57792 0.02129
0.6350 3.75246 0.00169
0.6350 3.92699 0.00007
0.6350 4.10152 0.00001
0.6350 4.27606 0.00000
0.6350 4.45059 0.00000
0.6350 4.62512 0.00000
0.6350 4.79966 0.00000
0.6350 4.97419 0.00000
0.6350 5.14872 0.00000
0.6350 5.32325 0.00000
0.6350 5.49779 0.00010
0.6350 5.67232 0.00165
0.6350 5.84685 0.02182
0.6350 6.02139 0.16501
0.6350 6.19592 0.62204

0.6450 0.08727 1.01180
0.6450 0.26180 0.71496
0.6450 0.43633 0.23525
0.6450 0.61087 0.04260
0.6450 0.78540 0.00538
0.6450 0.95993 0.00079
0.6450 1.13446 0.00009
0.6450 1.30900 0.00002
0.6450 1.48353 0.00001
0.6450 1.65806 0.00001
0.6450 1.83260 0.00003
0.6450 2.00713 0.00008
0.6450 2.18166 0.00063
0.6450 2.35619 0.00533
0.6450 2.53073 0.04437
0.6450 2.70526 0.24435
0.6450 2.87979 0.73726
0.6450 3.05433 1.04116
0.6450 3.22886 0.64295
0.6450 3.40339 0.16945
0.6450 3.57792 0.02290
0.6450 3.75246 0.00162
0.6450 3.92699 0.00010
0.6450 4.10152 0.00001
0.6450 4.27606 0.00000
0.6450 4.45059 0.00000
0.6450 4.62512 0.00000
0.6450 4.79966 0.00000
0.6450 4.97419 0.00000
0.6450 5.14872 0.00000
0.6450 5.32325 0.00000
0.6450 5.49779 0.00010
0.6450 5.67232 0.00200
0.6450 5.84685 0.02215
0.6450 6.02139 0.16758
0.6450 6.19592 0.61662

0.6550 0.08727 1.01916
0.6550 0.26180 0.71889
0.6550 0.43633 0.23567
0.6550 0.61087 0.04318
0.6550 0.78540 0.00581
0.6550 0.95993 0.00069
0.6550 1.13446 0.00010
0.6550 1.30900 0.00002
0.6550 1.48353 0.00001
0.6550 1.65806 0.00001
0.6550 1.83260 0.00003
0.6550 2.00713 0.00013
0.6550 2.18166 0.00067
0.6550 2.35619 0.00541
0.6550 2.53073 0.04322
0.6550 2.70526 0.24269
0.6550 2.87979 0.73026
0.6550 3.05433 1.04340
0.6550 3.22886 0.63476
0.6550 3.40339 0.16968
0.6550 3.57792 0.02151
0.6550 3.75246 0.00177
0.6550 3.92699 0.00011
0.6550 4.10152 0.00002
0.6550 4.27606 0.00000
0.6550 4.45059 0.00000
0.6550 4.62512 0.00001
0.6550 4.79966 0.00000
0.6550 4.97419 0.00000
0.6550 5.14872 0.00001
0.6550 5.32325 0.00001
0.6550 5.49779 0.00010
0.6550 5.67232 0.00182
0.6550 5.84685 0.02183
0.6550 6.02139 0.16785
0.6550 6.19592 0.62074

0.6650 0.08727 1.02084
0.6650 0.26180 0.72975
0.6650 0.43633 0.24000
0.6650 0.61087 0.04332
0.6650 0.78540 0.00552
0.6650 0.95993 0.00066
0.6650 1.13446 0.00009
0.6650 1.30900 0.00001
0.6650 1.48353 0.00000
0.6650 1.65806 0.00000
0.6650 1.83260 0.00006
0.6650 2.00713 0.00006
0.6650 2.18166 0.00068
0.6650 2.35619 0.00579
0.6650 2.53073 0.04293
0.6650 2.70526 0.24348
0.6650 2.87979 0.72658
0.6650 3.05433 1.02989
0.6650 3.22886 0.62920
0.6650 3.40339 0.16995
0.6650 3.57792 0.02079
0.6650 3.75246 0.00169
0.6650 3.92699 0.00015
0.6650 4.10152 0.00001
0.6650 4.27606 0.00000
0.6650 4.45059 0.00000
0.6650 4.62512 0.00000
0.6650 4.79966 0.00000
0.6650 4.97419 0.00000
0.6650 5.14872 0.00000
0.6650 5.32325 0.00000
0.6650 5.49779 0.00005
0.6650 5.67232 0.00138
0.6650 5.84685 0.02212
0.6650 6.02139 0.16761
0.6650 6.19592 0.62697

0.6750 0.08727 1.02603
0.6750 0.26180 0.73070
0.6750 0.43633 0.24429
0.6750 0.61087 0.04481
0.6750 0.78540 0.00567
0.6750 0.95993 0.00045
0.6750 1.13446 0.00015
0.6750 1.30900 0.00001
0.6750 1.48353 0.00000
0.6750 1.65806 0.00000
0.6750 1.83260 0.00002
0.6750 2.00713 0.00008
0.6750 2.18166 0.00061
0.6750 2.35619 0.00527
0.6750 2.53073 0.04444
0.6750 2.70526 0.24378
0.6750 2.87979 0.72198
0.6750 3.05433 1.02001
0.6750 3.22886 0.62504
0.6750 3.40339 0.16852
0.6750 3.57792 0.02188
0.6750 3.75246 0.00145
0.6750 3.92699 0.00014
0.6750 4.10152 0.00000
0.6750 4.27606 0.00000
0.6750 4.45059 0.00000
0.6750 4.62512 0.00000
0.6750 4.79966 0.00000
0.6750 4.97419 0.00000
0.6750 5.14872 0.00000
0.6750 5.32325 0.00000
0.6750 5.49779 0.00007
0.6750 5.67232 0.00147
0.6750 5.84685 0.02173
0.6750 6.02139 0.16822
0.6750 6.19592 0.63278

0.6850 0.08727 1.02266
0.6850 0.26180 0.73024
0.6850 0.43633 0.24185
0.6850 0.61087 0.04532
0.6850 0.78540 0.00547
0.6850 0.95993 0.00077
0.6850 1.13446 0.00012
0.6850 1.30900 0.00003
0.6850 1.48353 0.00001
0.6850 1.65806 0.00000
0.6850 1.83260 0.00002
0.6850 2.00713 0.00005
0.6850 2.18166 0.00061
0.6850 2.35619 0.00588
0.6850 2.53073 0.04482
0.6850 2.70526 0.24127
0.6850 2.87979 0.73273
0.6850 3.05433 1.02274
0.6850 3.22886 0.62929
0.6850 3.40339 0.16690
0.6850 3.57792 0.02161
0.6850 3.75246 0.00178
0.6850 3.92699 0.00010
0.6850 4.10152 0.00001
0.6850 4.27606 0.00000
0.6850 4.45059 0.00000
0.6850 4.62512 0.00000
0.6850 4.79966 0.00000
0.6850 4.97419 0.00000
0.6850 5.14872 0.00000
0.6850 5.32325 0.00000
0.6850 5.49779 0.00009
0.6850 5.67232 0.00171
0.6850 5.84685 0.02216
0.6850 6.02139 0.16756
0.6850 6.19592 0.62377

0.6950 0.08727 1.01851
0.6950 0.26180 0.71854
0.6950 0.43633 0.24112
0.6950 0.61087 0.04430
0.6950 0.78540 0.00563
0.6950 0.95993 0.00079
0.6950 1.13446 0.00009
0.6950 1.30900 0.00003
0.6950 1.48353 0.00000
0.6950 1.65806 0.00001
0.6950 1.83260 0.00005
0.6950 2.00713 0.00017
0.6950 2.18166 0.00071
0.6950 2.35619 0.00599
0.6950 2.53073 0.04478
0.6950 2.70526 0.24782
0.6950 2.87979 0.73230
0.6950 3.05433 1.02994
0.6950 3.22886 0.62812
0.6950 3.40339 0.17077
0.6950 3.57792 0.02330
0.6950 3.75246 0.00183
0.6950 3.92699 0.00009
0.6950 4.10152 0.00001
0.6950 4.27606 0.00000
0.6950 4.45059 0.00000
0.6950 4.62512 0.00000
0.6950 4.79966 0.00000
0.6950 4.97419 0.00000
0.6950 5.14872 0.00000
0.6950 5.32325 0.00000
0.6950 5.49779 0.00014
0.6950 5.67232 0.00147
0.6950 5.84685 0.02205
0.6950 6.02139 0.16776
0.6950 6.19592 0.62324

0.7050 0.08727 1.00163
0.7050 0.26180 0.71660
0.7050 0.43633 0.23595
0.7050 0.61087 0.04317
0.7050 0.78540 0.00618
0.7050 0.95993 0.00061
0.7050 1.13446 0.00015
0.7050 1.30900 0.00000
0.7050 1.48353 0.00000
0.7050 1.65806 0.00000
0.7050 1.83260 0.00007
0.7050 2.00713 0.00012
0.7050 2.18166 0.00072
0.7050 2.35619 0.00614
0.7050 2.53073 0.04478
0.7050 2.70526 0.24644
0.7050 2.87979 0.74232
0.7050 3.05433 1.03862
0.7050 3.22886 0.64282
0.7050 3.40339 0.17118
0.7050 3.57792 0.02176
0.7050 3.75246 0.00173
0.7050 3.92699 0.00012
0.7050 4.10152 0.00001
0.7050 4.27606 0.00000
0.7050 4.45059 0.00000
0.7050 4.62512 0.00000
0.7050 4.79966 0.00000
0.7050 4.97419 0.00000
0.7050 5.14872 0.00000
0.7050 5.32325 0.00001
0.7050 5.49779 0.00004
0.7050 5.67232 0.00179
0.7050 5.84685 0.02128
0.7050 6.02139 0.16705
0.7050 6.19592 0.61825

0.7150 0.08727 1.00980
0.7150 0.26180 0.71804
0.7150 0.43633 0.23684
0.7150 0.61087 0.04524
0.7150 0.78540 0.00604
0.7150 0.95993 0.00061
0.7150 1.13446 0.00007
0.7150 1.30900 0.00002
0.7150 1.48353 0.00000
0.7150 1.65806 0.00002
0.7150 1.83260 0.00002
0.7150 2.00713 0.00010
0.7150 2.18166 0.00079
0.7150 2.35619 0.00623
0.7150 2.53073 0.04513
0.7150 2.70526 0.24634
0.7150 2.87979 0.74315
0.7150 3.05433 1.03415
0.7150 3.22886 0.63308
0.7150 3.40339 0.17068
0.7150 3.57792 0.02210
0.7150 3.75246 0.00204
0.7150 3.92699 0.00016
0.7150 4.10152 0.00002
0.7150 4.27606 0.00000
0.7150 4.45059 0.00000
0.7150 4.62512 0.00000
0.7150 4.79966 0.00000
0.7150 4.97419 0.00000
0.7150 5.14872 0.00000
0.7150 5.32325 0.00002
0.7150 5.49779 0.00010
0.7150 5.67232 0.00181
0.7150 5.84685 0.02223
0.7150 6.02139 0.16373
0.7150 6.19592 0.62102

0.7250 0.08727 1.00291
0.7250 0.26180 0.71888
0.7250 0.43633 0.23990
0.7250 0.61087 0.04592
0.7250 0.78540 0.00663
0.7250 0.95993 0.00097
0.7250 1.13446 0.00021
0.7250 1.30900 0.00002
0.7250 1.48353 0.00000
0.7250 1.65806 0.00000
0.7250 1.83260 0.00004
0.7250 2.00713 0.00013
0.7250 2.18166 0.00092
0.7250 2.35619 0.00676
0.7250 2.53073 0.04715
0.7250 2.70526 0.25085
0.7250 2.87979 0.73955
0.7250 3.05433 1.03746
0.7250 3.22886 0.63540
0.7250 3.40339 0.17064
0.7250 3.57792 0.02263
0.7250 3.75246 0.00187
0.7250 3.92699 0.00021
0.7250 4.10152 0.00004
0.7250 4.27606 0.00002
0.7250 4.45059 0.00000
0.7250 4.62512 0.00000
0.7250 4.79966 0.00000
0.7250 4.97419 0.00000
0.7250 5.14872 0.00002
0.7250 5.32325 0.00002
0.7250 5.49779 0.00019
0.7250 5.67232 0.00182
0.7250 5.84685 0.02254
0.7250 6.02139 0.16503
0.7250 6.19592 0.61082

0.7350 0.08727 1.00373
0.7350 0.26180 0.70916
0.7350 0.43633 0.23938
0.7350 0.61087 0.04752
0.7350 0.78540 0.00745
0.7350 0.95993 0.00112
0.7350 1.13446 0.00014
0.7350 1.30900 0.00008
0.7350 1.48353 0.00011
0.7350 1.65806 0.00006
0.7350 1.83260 0.00011
0.7350 2.00713 0.00017
0.7350 2.18166 0.00134
0.7350 2.35619 0.00667
0.7350 2.53073 0.04803
0.7350 2.70526 0.24691
0.7350 2.87979 0.73906
0.7350 3.05433 1.03614
0.7350 3.22886 0.63051
0.7350 3.40339 0.17571
0.7350 3.57792 0.02318
0.7350 3.75246 0.00198
0.7350 3.92699 0.00020
0.7350 4.10152 0.00006
0.7350 4.27606 0.00006
0.7350 4.45059 0.00000
0.7350 4.62512 0.00003
0.7350 4.79966 0.00003
0.7350 4.97419 0.00003
0.7350 5.14872 0.00003
0.7350 5.32325 0.00006
0.7350 5.49779 0.00020
0.7350 5.67232 0.00181
0.7350 5.84685 0.02295
0.7350 6.02139 0.16717
0.7350 6.19592 0.61843

0.7450 0.08727 0.99474
0.7450 0.26180 0.72129
0.7450 0.43633 0.24182
0.7450 0.61087 0.04918
0.7450 0.78540 0.00787
0.7450 0.95993 0.00217
0.7450 1.13446 0.00050
0.7450 1.30900 0.00027
0.7450 1.48353 0.00050
0.7450 1.65806 0.00023
0.7450 1.83260 0.00039
0.7450 2.00713 0.00089
0.7450 2.18166 0.00178
0.7450 2.35619 0.00822
0.7450 2.53073 0.04922
0.7450 2.70526 0.24907
0.7450 2.87979 0.72904
0.7450 3.05433 1.03268
0.7450 3.22886 0.62661
0.7450 3.40339 0.17532
0.7450 3.57792 0.02383
0.7450 3.75246 0.00295
0.7450 3.92699 0.00085
0.7450 4.10152 0.00023
0.7450 4.27606 0.00004
0.7450 4.45059 0.00000
0.7450 4.62512 0.00008
0.7450 4.79966 0.00008
0.7450 4.97419 0.00012
0.7450 5.14872 0.00023
0.7450 5.32325 0.00016
0.7450 5.49779 0.00081
0.7450 5.67232 0.00295
0.7450 5.84685 0.02414
0.7450 6.02139 0.16966
0.7450 6.19592 0.61165

0.7550 0.08727 0.98731
0.7550 0.26180 0.70659
0.7550 0.43633 0.24724
0.7550 0.61087 0.05249
0.7550 0.78540 0.01026
0.7550 0.95993 0.00305
0.7550 1.13446 0.00229
0.7550 1.30900 0.00100
0.7550 1.48353 0.00117
0.7550 1.65806 0.00164
0.7550 1.83260 0.00141
0.7550 2.00713 0.00182
0.7550 2.18166 0.00293
0.7550 2.35619 0.01167
0.7550 2.53073 0.05166
0.7550 2.70526 0.24689
0.7550 2.87979 0.73227
0.7550 3.05433 1.01640
0.7550 3.22886 0.63416
0.7550 3.40339 0.17006
0.7550 3.57792 0.02838
0.7550 3.75246 0.00510
0.7550 3.92699 0.00141
0.7550 4.10152 0.00082
0.7550 4.27606 0.00041
0.7550 4.45059 0.00029
0.7550 4.62512 0.00035
0.7550 4.79966 0.00035
0.7550 4.97419 0.00059
0.7550 5.14872 0.00035
0.7550 5.32325 0.00106
0.7550 5.49779 0.00135
0.7550 5.67232 0.00422
0.7550 5.84685 0.02639
0.7550 6.02139 0.16825
0.7550 6.19592 0.60795

0.7650 0.08727 0.96086
0.7650 0.26180 0.69381
0.7650 0.43633 0.24945
0.7650 0.61087 0.05252
0.7650 0.78540 0.01315
0.7650 0.95993 0.00716
0.7650 1.13446 0.00435
0.7650 1.30900 0.00464
0.7650 1.48353 0.00184
0.7650 1.65806 0.00368
0.7650 1.83260 0.00368
0.7650 2.00713 0.00329
0.7650 2.18166 0.00725
0.7650 2.35619 0.01519
0.7650 2.53073 0.05339
0.7650 2.70526 0.24781
0.7650 2.87979 0.74478
0.7650 3.05433 0.99955
0.7650 3.22886 0.61478
0.7650 3.40339 0.17111
0.7650 3.57792 0.02931
0.7650 3.75246 0.00851
0.7650 3.92699 0.00358
0.7650 4.10152 0.00290
0.7650 4.27606 0.00193
0.7650 4.45059 0.00251
0.7650 4.62512 0.00155
0.7650 4.79966 0.00203
0.7650 4.97419 0.00087
0.7650 5.14872 0.00155
0.7650 5.32325 0.00203
0.7650 5.49779 0.00261
0.7650 5.67232 0.00706
0.7650 5.84685 0.02776
0.7650 6.02139 0.16801
0.7650 6.19592 0.61507

0.7750 0.08727 0.97239
0.7750 0.26180 0.67965
0.7750 0.43633 0.23452
0.7750 0.61087 0.05463
0.7750 0.78540 0.01851
0.7750 0.95993 0.00827
0.7750 1.13446 0.00809
0.7750 1.30900 0.00665
0.7750 1.48353 0.00575
0.7750 1.65806 0.00719
0.7750 1.83260 0.00539
0.7750 2.00713 0.00809
0.7750 2.18166 0.00791
0.7750 2.35619 0.01941
0.7750 2.53073 0.06110
0.7750 2.70526 0.24620
0.7750 2.87979 0.71074
0.7750 3.05433 0.97922
0.7750 3.22886 0.61585
0.7750 3.40339 0.17827
0.7750 3.57792 0.03163
0.7750 3.75246 0.00988
0.7750 3.92699 0.00539
0.7750 4.10152 0.00395
0.7750 4.27606 0.00395
0.7750 4.45059 0.00413
0.7750 4.62512 0.00467
0.7750 4.79966 0.00413
0.7750 4.97419 0.00270
0.7750 5.14872 0.00359
0.7750 5.32325 0.00377
0.7750 5.49779 0.00683
0.7750 5.67232 0.01042
0.7750 5.84685 0.03396
0.7750 6.02139 0.18528
0.7750 6.19592 0.58746

0.7850 0.08727 0.95378
0.7850 0.26180 0.68646
0.7850 0.43633 0.22192
0.7850 0.61087 0.05266
0.7850 0.78540 0.01780
0.7850 0.95993 0.00545
0.7850 1.13446 0.00654
0.7850 1.30900 0.00363
0.7850 1.48353 0.00690
0.7850 1.65806 0.00654
0.7850 1.83260 0.00581
0.7850 2.00713 0.00726
0.7850 2.18166 0.01162
0.7850 2.35619 0.01417
0.7850 2.53073 0.06211
0.7850 2.70526 0.24807
0.7850 2.87979 0.71515
0.7850 3.05433 0.99736
0.7850 3.22886 0.60837
0.7850 3.40339 0.17252
0.7850 3.57792 0.03668
0.7850 3.75246 0.01308
0.7850 3.92699 0.00545
0.7850 4.10152 0.00654
0.7850 4.27606 0.00182
0.7850 4.45059 0.00073
0.7850 4.62512 0.00254
0.7850 4.79966 0.00254
0.7850 4.97419 0.00327
0.7850 5.14872 0.00254
0.7850 5.32325 0.00508
0.7850 5.49779 0.00617
0.7850 5.67232 0.01053
0.7850 5.84685 0.03850
0.7850 6.02139 0.19323
0.7850 6.19592 0.59675

0.7950 0.08727 1.02298
0.7950 0.26180 0.65179
0.7950 0.43633 0.21642
0.7950 0.61087 0.04404
0.7950 0.78540 0.00755
0.7950 0.95993 0.00063
0.7950 1.13446 0.00063
0.7950 1.30900 0.00000
0.7950 1.48353 0.00000
0.7950 1.65806 0.00063
0.7950 1.83260 0.00000
0.7950 2.00713 0.00063
0.7950 2.18166 0.00126
0.7950 2.35619 0.00692
0.7950 2.53073 0.03901
0.7950 2.70526 0.23844
0.7950 2.87979 0.70778
0.7950 3.05433 1.07205
0.7950 3.22886 0.64613
0.7950 3.40339 0.20195
0.7950 3.57792 0.02831
0.7950 3.75246 0.00377
0.7950 3.92699 0.00315
0.7950 4.10152 0.00063
0.7950 4.27606 0.00063
0.7950 4.45059 0.00063
0.7950 4.62512 0.00063
0.7950 4.79966 0.00063
0.7950 4.97419 0.00000
0.7950 5.14872 0.00315
0.7950 5.32325 0.00252
0.7950 5.49779 0.00063
0.7950 5.67232 0.00189
0.7950 5.84685 0.03523
0.7950 6.02139 0.17490
0.7950 6.19592 0.61404

0.8050 0.08727 1.01420
0.8050 0.26180 0.70778
0.8050 0.43633 0.15882
0.8050 0.61087 0.01726
0.8050 0.78540 0.00000
0.8050 0.95993 0.00000
0.8050 1.13446 0.00086
0.8050 1.30900 0.00000
0.8050 1.48353 0.00000
0.8050 1.65806 0.00000
0.8050 1.83260 0.00000
0.8050 2.00713 0.00000
0.8050 2.18166 0.00000
0.8050 2.35619 0.00259
0.8050 2.53073 0.02244
0.8050 2.70526 0.20370
0.8050 2.87979 0.74835
0.8050 3.05433 1.09706
0.8050 3.22886 0.70778
0.8050 3.40339 0.20198
0.8050 3.57792 0.02935
0.8050 3.75246 0.00173
0.8050 3.92699 0.00000
0.8050 4.10152 0.00000
0.8050 4.27606 0.00086
0.8050 4.45059 0.00173
0.8050 4.62512 0.00000
0.8050 4.79966 0.00000
0.8050 4.97419 0.00086
0.8050 5.14872 0.00000
0.8050 5.32325 0.00000
0.8050 5.49779 0.00086
0.8050 5.67232 0.00086
0.8050 5.84685 0.00863
0.8050 6.02139 0.17695
0.8050 6.19592 0.62492

0.8150 0.08727 1.03678
0.8150 0.26180 0.63108
0.8150 0.43633 0.16370
0.8150 0.61087 0.02017
0.8150 0.78540 0.00237
0.8150 0.95993 0.00000
0.8150 1.13446 0.00000
0.8150 1.30900 0.00000
0.8150 1.48353 0.00000
0.8150 1.65806 0.00000
0.8150 1.83260 0.00119
0.8150 2.00713 0.00119
0.8150 2.18166 0.00000
0.8150 2.35619 0.00356
0.8150 2.53073 0.02491
0.8150 2.70526 0.16370
0.8150 2.87979 0.72005
0.8150 3.05433 1.12219
0.8150 3.22886 0.74022
0.8150 3.40339 0.20641
0.8150 3.57792 0.02372
0.8150 3.75246 0.00474
0.8150 3.92699 0.00000
0.8150 4.10152 0.00000
0.8150 4.27606 0.00000
0.8150 4.45059 0.00119
0.8150 4.62512 0.00119
0.8150 4.79966 0.00000
0.8150 4.97419 0.00000
0.8150 5.14872 0.00000
0.8150 5.32325 0.00000
0.8150 5.49779 0.00000
0.8150 5.67232 0.00237
0.8150 5.84685 0.01661
0.8150 6.02139 0.18031
0.8150 6.19592 0.66193

0.8250 0.08727 1.07690
0.8250 0.26180 0.67888
0.8250 0.43633 0.21506
0.8250 0.61087 0.03210
0.8250 0.78540 0.00481
0.8250 0.95993 0.00321
0.8250 1.13446 0.00000
0.8250 1.30900 0.00160
0.8250 1.48353 0.00000
0.8250 1.65806 0.00160
0.8250 1.83260 0.00000
0.8250 2.00713 0.00000
0.8250 2.18166 0.00160
0.8250 2.35619 0.00963
0.8250 2.53073 0.02889
0.8250 2.70526 0.20222
0.8250 2.87979 0.69333
0.8250 3.05433 1.02555
0.8250 3.22886 0.64036
0.8250 3.40339 0.18296
0.8250 3.57792 0.02728
0.8250 3.75246 0.00802
0.8250 3.92699 0.00160
0.8250 4.10152 0.00321
0.8250 4.27606 0.00481
0.8250 4.45059 0.00000
0.8250 4.62512 0.00160
0.8250 4.79966 0.00000
0.8250 4.97419 0.00000
0.8250 5.14872 0.00160
0.8250 5.32325 0.00160
0.8250 5.49779 0.00160
0.8250 5.67232 0.00642
0.8250 5.84685 0.04012
0.8250 6.02139 0.19099
0.8250 6.19592 0.64197

0.8350 0.08727 0.97732
0.8350 0.26180 0.70540
0.8350 0.43633 0.22714
0.8350 0.61087 0.06078
0.8350 0.78540 0.01760
0.8350 0.95993 0.01600
0.8350 1.13446 0.01280
0.8350 1.30900 0.00640
0.8350 1.48353 0.01120
0.8350 1.65806 0.00000
0.8350 1.83260 0.00320
0.8350 2.00713 0.00800
0.8350 2.18166 0.01440
0.8350 2.35619 0.02399
0.8350 2.53073 0.04479
0.8350 2.70526 0.22874
0.8350 2.87979 0.71500
0.8350 3.05433 0.93094
0.8350 3.22886 0.54705
0.8350 3.40339 0.18395
0.8350 3.57792 0.03359
0.8350 3.75246 0.02079
0.8350 3.92699 0.00320
0.8350 4.10152 0.00480
0.8350 4.27606 0.00640
0.8350 4.45059 0.00320
0.8350 4.62512 0.00480
0.8350 4.79966 0.00800
0.8350 4.97419 0.00640
0.8350 5.14872 0.00160
0.8350 5.32325 0.00640
0.8350 5.49779 0.00480
0.8350 5.67232 0.01440
0.8350 5.84685 0.04799
0.8350 6.02139 0.18075
0.8350 6.19592 0.64782

0.8450 0.08727 0.89129
0.8450 0.26180 0.65783
0.8450 0.43633 0.25964
0.8450 0.61087 0.06327
0.8450 0.78540 0.02836
0.8450 0.95993 0.01418
0.8450 1.13446 0.00982
0.8450 1.30900 0.00982
0.8450 1.48353 0.01309
0.8450 1.65806 0.01418
0.8450 1.83260 0.01309
0.8450 2.00713 0.01200
0.8450 2.18166 0.00764
0.8450 2.35619 0.02727
0.8450 2.53073 0.06982
0.8450 2.70526 0.28473
0.8450 2.87979 0.66329
0.8450 3.05433 0.98511
0.8450 3.22886 0.60547
0.8450 3.40339 0.17128
0.8450 3.57792 0.03818
0.8450 3.75246 0.01309
0.8450 3.92699 0.00764
0.8450 4.10152 0.00655
0.8450 4.27606 0.00545
0.8450 4.45059 0.00655
0.8450 4.62512 0.00655
0.8450 4.79966 0.00655
0.8450 4.97419 0.00436
0.8450 5.14872 0.01309
0.8450 5.32325 0.00545
0.8450 5.49779 0.00982
0.8450 5.67232 0.01855
0.8450 5.84685 0.03600
0.8450 6.02139 0.16582
0.8450 6.19592 0.58474

0.8550 0.08727 0.95457
0.8550 0.26180 0.67539
0.8550 0.43633 0.24209
0.8550 0.61087 0.04944
0.8550 0.78540 0.01381
0.8550 0.95993 0.01018
0.8550 1.13446 0.00509
0.8550 1.30900 0.00364
0.8550 1.48353 0.00436
0.8550 1.65806 0.00291
0.8550 1.83260 0.00364
0.8550 2.00713 0.01454
0.8550 2.18166 0.00727
0.8550 2.35619 0.02545
0.8550 2.53073 0.05453
0.8550 2.70526 0.23919
0.8550 2.87979 0.72556
0.8550 3.05433 1.02872
0.8550 3.22886 0.58815
0.8550 3.40339 0.18611
0.8550 3.57792 0.02690
0.8550 3.75246 0.00727
0.8550 3.92699 0.00364
0.8550 4.10152 0.00509
0.8550 4.27606 0.00145
0.8550 4.45059 0.00582
0.8550 4.62512 0.00145
0.8550 4.79966 0.00145
0.8550 4.97419 0.00509
0.8550 5.14872 0.00073
0.8550 5.32325 0.00364
0.8550 5.49779 0.00727
0.8550 5.67232 0.01527
0.8550 5.84685 0.03272
0.8550 6.02139 0.17230
0.8550 6.19592 0.60487

0.8650 0.08727 0.94348
0.8650 0.26180 0.68598
0.8650 0.43633 0.23002
0.8650 0.61087 0.05649
0.8650 0.78540 0.01120
0.8650 0.95993 0.00560
0.8650 1.13446 0.00153
0.8650 1.30900 0.00204
0.8650 1.48353 0.00204
0.8650 1.65806 0.00051
0.8650 1.83260 0.00254
0.8650 2.00713 0.00356
0.8650 2.18166 0.00560
0.8650 2.35619 0.01323
0.8650 2.53073 0.06158
0.8650 2.70526 0.24834
0.8650 2.87979 0.74450
0.8650 3.05433 1.05951
0.8650 3.22886 0.61677
0.8650 3.40339 0.16997
0.8650 3.57792 0.02646
0.8650 3.75246 0.00407
0.8650 3.92699 0.00102
0.8650 4.10152 0.00051
0.8650 4.27606 0.00153
0.8650 4.45059 0.00102
0.8650 4.62512 0.00000
0.8650 4.79966 0.00102
0.8650 4.97419 0.00051
0.8650 5.14872 0.00051
0.8650 5.32325 0.00102
0.8650 5.49779 0.00305
0.8650 5.67232 0.00407
0.8650 5.84685 0.02697
0.8650 6.02139 0.17099
0.8650 6.19592 0.62237

0.8750 0.08727 0.96853
0.8750 0.26180 0.69436
0.8750 0.43633 0.24114
0.8750 0.61087 0.04855
0.8750 0.78540 0.00597
0.8750 0.95993 0.00159
0.8750 1.13446 0.00119
0.8750 1.30900 0.00080
0.8750 1.48353 0.00119
0.8750 1.65806 0.00040
0.8750 1.83260 0.00080
0.8750 2.00713 0.00000
0.8750 2.18166 0.00040
0.8750 2.35619 0.00676
0.8750 2.53073 0.04099
0.8750 2.70526 0.22761
0.8750 2.87979 0.78389
0.8750 3.05433 1.07795
0.8750 3.22886 0.64462
0.8750 3.40339 0.18065
0.8750 3.57792 0.02427
0.8750 3.75246 0.00477
0.8750 3.92699 0.00080
0.8750 4.10152 0.00040
0.8750 4.27606 0.00040
0.8750 4.45059 0.00000
0.8750 4.62512 0.00000
0.8750 4.79966 0.00000
0.8750 4.97419 0.00119
0.8750 5.14872 0.00000
0.8750 5.32325 0.00000
0.8750 5.49779 0.00080
0.8750 5.67232 0.00358
0.8750 5.84685 0.02109
0.8750 6.02139 0.15479
0.8750 6.19592 0.59011

0.8850 0.08727 0.98888
0.8850 0.26180 0.69781
0.8850 0.43633 0.24398
0.8850 0.61087 0.04675
0.8850 0.78540 0.00580
0.8850 0.95993 0.00171
0.8850 1.13446 0.00034
0.8850 1.30900 0.00034
0.8850 1.48353 0.00000
0.8850 1.65806 0.00034
0.8850 1.83260 0.00034
0.8850 2.00713 0.00068
0.8850 2.18166 0.00171
0.8850 2.35619 0.00887
0.8850 2.53073 0.03651
0.8850 2.70526 0.25968
0.8850 2.87979 0.73023
0.8850 3.05433 1.07317
0.8850 3.22886 0.62923
0.8850 3.40339 0.17642
0.8850 3.57792 0.02286
0.8850 3.75246 0.00239
0.8850 3.92699 0.00000
0.8850 4.10152 0.00000
0.8850 4.27606 0.00000
0.8850 4.45059 0.00000
0.8850 4.62512 0.00000
0.8850 4.79966 0.00000
0.8850 4.97419 0.00000
0.8850 5.14872 0.00000
0.8850 5.32325 0.00000
0.8850 5.49779 0.00034
0.8850 5.67232 0.00034
0.8850 5.84685 0.02559
0.8850 6.02139 0.16208
0.8850 6.19592 0.61319

0.8950 0.08727 0.97799
0.8950 0.26180 0.71008
0.8950 0.43633 0.23294
0.8950 0.61087 0.04531
0.8950 0.78540 0.00608
0.8950 0.95993 0.00091
0.8950 1.13446 0.00000
0.8950 1.30900 0.00000
0.8950 1.48353 0.00000
0.8950 1.65806 0.00000
0.8950 1.83260 0.00000
0.8950 2.00713 0.00000
0.8950 2.18166 0.00152
0.8950 2.35619 0.00395
0.8950 2.53073 0.04197
0.8950 2.70526 0.23902
0.8950 2.87979 0.75630
0.8950 3.05433 1.06527
0.8950 3.22886 0.63922
0.8950 3.40339 0.17668
0.8950 3.57792 0.01916
0.8950 3.75246 0.00091
0.8950 3.92699 0.00030
0.8950 4.10152 0.00000
0.8950 4.27606 0.00061
0.8950 4.45059 0.00000
0.8950 4.62512 0.00000
0.8950 4.79966 0.00000
0.8950 4.97419 0.00000
0.8950 5.14872 0.00000
0.8950 5.32325 0.00000
0.8950 5.49779 0.00000
0.8950 5.67232 0.00122
0.8950 5.84685 0.02098
0.8950 6.02139 0.16878
0.8950 6.19592 0.62037

0.9050 0.08727 0.98082
0.9050 0.26180 0.69237
0.9050 0.43633 0.24094
0.9050 0.61087 0.04182
0.9050 0.78540 0.00484
0.9050 0.95993 0.00028
0.9050 1.13446 0.00000
0.9050 1.30900 0.00000
0.9050 1.48353 0.00000
0.9050 1.65806 0.00000
0.9050 1.83260 0.00000
0.9050 2.00713 0.00000
0.9050 2.18166 0.00057
0.9050 2.35619 0.00569
0.9050 2.53073 0.04523
0.9050 2.70526 0.23183
0.9050 2.87979 0.76150
0.9050 3.05433 1.08607
0.9050 3.22886 0.64288
0.9050 3.40339 0.18205
0.9050 3.57792 0.01934
0.9050 3.75246 0.00085
0.9050 3.92699 0.00028
0.9050 4.10152 0.00000
0.9050 4.27606 0.00000
0.9050 4.45059 0.00000
0.9050 4.62512 0.00000
0.9050 4.79966 0.00028
0.9050 4.97419 0.00000
0.9050 5.14872 0.00000
0.9050 5.32325 0.00000
0.9050 5.49779 0.00028
0.9050 5.67232 0.00114
0.9050 5.84685 0.01821
0.9050 6.02139 0.15275
0.9050 6.19592 0.61955

0.9150 0.08727 0.96159
0.9150 0.26180 0.70122
0.9150 0.43633 0.22345
0.9150 0.61087 0.04160
0.9150 0.78540 0.00496
0.9150 0.95993 0.00000
0.9150 1.13446 0.00000
0.9150 1.30900 0.00000
0.9150 1.48353 0.00000
0.9150 1.65806 0.00000
0.9150 1.83260 0.00000
0.9150 2.00713 0.00000
0.9150 2.18166 0.00055
0.9150 2.35619 0.00413
0.9150 2.53073 0.04739
0.9150 2.70526 0.25789
0.9150 2.87979 0.78002
0.9150 3.05433 1.07951
0.9150 3.22886 0.64721
0.9150 3.40339 0.17000
0.9150 3.57792 0.02425
0.9150 3.75246 0.00165
0.9150 3.92699 0.00028
0.9150 4.10152 0.00028
0.9150 4.27606 0.00000
0.9150 4.45059 0.00000
0.9150 4.62512 0.00000
0.9150 4.79966 0.00000
0.9150 4.97419 0.00028
0.9150 5.14872 0.00000
0.9150 5.32325 0.00000
0.9150 5.49779 0.00055
0.9150 5.67232 0.00138
0.9150 5.84685 0.01598
0.9150 6.02139 0.16311
0.9150 6.19592 0.60230

0.9250 0.08727 1.00194
0.9250 0.26180 0.68408
0.9250 0.43633 0.22117
0.9250 0.61087 0.04301
0.9250 0.78540 0.00561
0.9250 0.95993 0.00053
0.9250 1.13446 0.00027
0.9250 1.30900 0.00000
0.9250 1.48353 0.00000
0.9250 1.65806 0.00000
0.9250 1.83260 0.00000
0.9250 2.00713 0.00000
0.9250 2.18166 0.00027
0.9250 2.35619 0.00694
0.9250 2.53073 0.04995
0.9250 2.70526 0.24681
0.9250 2.87979 0.76074
0.9250 3.05433 1.07620
0.9250 3.22886 0.65843
0.9250 3.40339 0.16855
0.9250 3.57792 0.02377
0.9250 3.75246 0.00187
0.9250 3.92699 0.00000
0.9250 4.10152 0.00000
0.9250 4.27606 0.00000
0.9250 4.45059 0.00000
0.9250 4.62512 0.00000
0.9250 4.79966 0.00000
0.9250 4.97419 0.00000
0.9250 5.14872 0.00000
0.9250 5.32325 0.00000
0.9250 5.49779 0.00000
0.9250 5.67232 0.00187
0.9250 5.84685 0.01843
0.9250 6.02139 0.15546
0.9250 6.19592 0.60368

0.9350 0.08727 0.98052
0.9350 0.26180 0.69035
0.9350 0.43633 0.24001
0.9350 0.61087 0.04273
0.9350 0.78540 0.00512
0.9350 0.95993 0.00051
0.9350 1.13446 0.00026
0.9350 1.30900 0.00000
0.9350 1.48353 0.00000
0.9350 1.65806 0.00000
0.9350 1.83260 0.00000
0.9350 2.00713 0.00000
0.9350 2.18166 0.00077
0.9350 2.35619 0.00461
0.9350 2.53073 0.03838
0.9350 2.70526 0.25357
0.9350 2.87979 0.75995
0.9350 3.05433 1.09131
0.9350 3.22886 0.62920
0.9350 3.40339 0.16811
0.9350 3.57792 0.02098
0.9350 3.75246 0.00154
0.9350 3.92699 0.00000
0.9350 4.10152 0.00000
0.9350 4.27606 0.00000
0.9350 4.45059 0.00051
0.9350 4.62512 0.00000
0.9350 4.79966 0.00026
0.9350 4.97419 0.00000
0.9350 5.14872 0.00000
0.9350 5.32325 0.00026
0.9350 5.49779 0.00000
0.9350 5.67232 0.00179
0.9350 5.84685 0.01893
0.9350 6.02139 0.15890
0.9350 6.19592 0.62101

0.9450 0.08727 1.00063
0.9450 0.26180 0.73061
0.9450 0.43633 0.22634
0.9450 0.61087 0.04690
0.9450 0.78540 0.00370
0.9450 0.95993 0.00025
0.9450 1.13446 0.00000
0.9450 1.30900 0.00000
0.9450 1.48353 0.00000
0.9450 1.65806 0.00000
0.9450 1.83260 0.00000
0.9450 2.00713 0.00000
0.9450 2.18166 0.00049
0.9450 2.35619 0.00444
0.9450 2.53073 0.04171
0.9450 2.70526 0.24757
0.9450 2.87979 0.74517
0.9450 3.05433 1.05148
0.9450 3.22886 0.64915
0.9450 3.40339 0.16735
0.9450 3.57792 0.02049
0.9450 3.75246 0.00123
0.9450 3.92699 0.00025
0.9450 4.10152 0.00000
0.9450 4.27606 0.00000
0.9450 4.45059 0.00000
0.9450 4.62512 0.00025
0.9450 4.79966 0.00000
0.9450 4.97419 0.00000
0.9450 5.14872 0.00000
0.9450 5.32325 0.00025
0.9450 5.49779 0.00000
0.9450 5.67232 0.00099
0.9450 5.84685 0.02221
0.9450 6.02139 0.16463
0.9450 6.19592 0.60349

0.9550 0.08727 1.02642
0.9550 0.26180 0.71599
0.9550 0.43633 0.23609
0.9550 0.61087 0.04273
0.9550 0.78540 0.00459
0.9550 0.95993 0.00048
0.9550 1.13446 0.00048
0.9550 1.30900 0.00000
0.9550 1.48353 0.00000
0.9550 1.65806 0.00000
0.9550 1.83260 0.00000
0.9550 2.00713 0.00000
0.9550 2.18166 0.00024
0.9550 2.35619 0.00555
0.9550 2.53073 0.04490
0.9550 2.70526 0.24164
0.9550 2.87979 0.72323
0.9550 3.05433 1.04429
0.9550 3.22886 0.63101
0.9550 3.40339 0.17043
0.9550 3.57792 0.01955
0.9550 3.75246 0.00145
0.9550 3.92699 0.00000
0.9550 4.10152 0.00024
0.9550 4.27606 0.00000
0.9550 4.45059 0.00024
0.9550 4.62512 0.00024
0.9550 4.79966 0.00000
0.9550 4.97419 0.00000
0.9550 5.14872 0.00000
0.9550 5.32325 0.00000
0.9550 5.49779 0.00000
0.9550 5.67232 0.00169
0.9550 5.84685 0.02124
0.9550 6.02139 0.16294
0.9550 6.19592 0.63391

0.9650 0.08727 1.01583
0.9650 0.26180 0.71859
0.9650 0.43633 0.23166
0.9650 0.61087 0.04388
0.9650 0.78540 0.00708
0.9650 0.95993 0.00047
0.9650 1.13446 0.00000
0.9650 1.30900 0.00000
0.9650 1.48353 0.00000
0.9650 1.65806 0.00024
0.9650 1.83260 0.00000
0.9650 2.00713 0.00000
0.9650 2.18166 0.00024
0.9650 2.35619 0.00519
0.9650 2.53073 0.04246
0.9650 2.70526 0.25195
0.9650 2.87979 0.71245
0.9650 3.05433 1.05028
0.9650 3.22886 0.64357
0.9650 3.40339 0.17174
0.9650 3.57792 0.01840
0.9650 3.75246 0.00236
0.9650 3.92699 0.00000
0.9650 4.10152 0.00000
0.9650 4.27606 0.00000
0.9650 4.45059 0.00000
0.9650 4.62512 0.00000
0.9650 4.79966 0.00000
0.9650 4.97419 0.00000
0.9650 5.14872 0.00000
0.9650 5.32325 0.00000
0.9650 5.49779 0.00000
0.9650 5.67232 0.00236
0.9650 5.84685 0.02241
0.9650 6.02139 0.16443
0.9650 6.19592 0.62399

0.9750 0.08727 1.01835
0.9750 0.26180 0.72294
0.9750 0.43633 0.23106
0.9750 0.61087 0.04105
0.9750 0.78540 0.00738
0.9750 0.95993 0.00046
0.9750 1.13446 0.00023
0.9750 1.30900 0.00000
0.9750 1.48353 0.00000
0.9750 1.65806 0.00000
0.9750 1.83260 0.00000
0.9750 2.00713 0.00023
0.9750 2.18166 0.00023
0.9750 2.35619 0.00484
0.9750 2.53073 0.04082
0.9750 2.70526 0.24974
0.9750 2.87979 0.74116
0.9750 3.05433 1.04325
0.9750 3.22886 0.63600
0.9750 3.40339 0.17134
0.9750 3.57792 0.01983
0.9750 3.75246 0.00138
0.9750 3.92699 0.00000
0.9750 4.10152 0.00000
0.9750 4.27606 0.00000
0.9750 4.45059 0.00000
0.9750 4.62512 0.00000
0.9750 4.79966 0.00000
0.9750 4.97419 0.00000
0.9750 5.14872 0.00000
0.9750 5.32325 0.00000
0.9750 5.49779 0.00000
0.9750 5.67232 0.00069
0.9750 5.84685 0.01914
0.9750 6.02139 0.15750
0.9750 6.19592 0.62194

0.9850 0.08727 1.01347
0.9850 0.26180 0.71718
0.9850 0.43633 0.22622
0.9850 0.61087 0.03943
0.9850 0.78540 0.00473
0.9850 0.95993 0.00045
0.9850 1.13446 0.00000
0.9850 1.30900 0.00000
0.9850 1.48353 0.00000
0.9850 1.65806 0.00000
0.9850 1.83260 0.00000
0.9850 2.00713 0.00023
0.9850 2.18166 0.00023
0.9850 2.35619 0.00653
0.9850 2.53073 0.04349
0.9850 2.70526 0.23275
0.9850 2.87979 0.73003
0.9850 3.05433 1.03601
0.9850 3.22886 0.66761
0.9850 3.40339 0.17440
0.9850 3.57792 0.01983
0.9850 3.75246 0.00158
0.9850 3.92699 0.00023
0.9850 4.10152 0.00023
0.9850 4.27606 0.00000
0.9850 4.45059 0.00000
0.9850 4.62512 0.00000
0.9850 4.79966 0.00000
0.9850 4.97419 0.00000
0.9850 5.14872 0.00000
0.9850 5.32325 0.00000
0.9850 5.49779 0.00000
0.9850 5.67232 0.00113
0.9850 5.84685 0.02231
0.9850 6.02139 0.17485
0.9850 6.19592 0.61669

0.9950 0.08727 1.00137
0.9950 0.26180 0.72989
0.9950 0.43633 0.24375
0.9950 0.61087 0.04293
0.9950 0.78540 0.00425
0.9950 0.95993 0.00089
0.9950 1.13446 0.00000
0.9950 1.30900 0.00000
0.9950 1.48353 0.00000
0.9950 1.65806 0.00000
0.9950 1.83260 0.00022
0.9950 2.00713 0.00022
0.9950 2.18166 0.00045
0.9950 2.35619 0.00403
0.9950 2.53073 0.03980
0.9950 2.70526 0.22943
0.9950 2.87979 0.73213
0.9950 3.05433 1.07427
0.9950 3.22886 0.62927
0.9950 3.40339 0.16190
0.9950 3.57792 0.02259
0.9950 3.75246 0.00157
0.9950 3.92699 0.00000
0.9950 4.10152 0.00000
0.9950 4.27606 0.00000
0.9950 4.45059 0.00000
0.9950 4.62512 0.00000
0.9950 4.79966 0.00000
0.9950 4.97419 0.00000
0.9950 5.14872 0.00000
0.9950 5.32325 0.00022
0.9950 5.49779 0.00022
0.9950 5.67232 0.00157
0.9950 5.84685 0.02080
0.9950 6.02139 0.15251
0.9950 6.19592 0.63530

