# P(phi|x) [1/rad]: each x column normalized over phi. blank line separates x scans (for surf)
x phi p
0.0050 0.08727 0.95700
0.0050 0.26180 0.65427
0.0050 0.43633 0.20982
0.0050 0.61087 0.04931
0.0050 0.78540 0.00457
0.0050 0.95993 0.00114
0.0050 1.13446 0.00033
0.0050 1.30900 0.00000
0.0050 1.48353 0.00016
0.0050 1.65806 0.00000
0.0050 1.83260 0.00033
0.0050 2.00713 0.00033
0.0050 2.18166 0.00033
0.0050 2.35619 0.00784
0.0050 2.53073 0.04866
0.0050 2.70526 0.25929
0.0050 2.87979 0.78294
0.0050 3.05433 1.10722
0.0050 3.22886 0.66978
0.0050 3.40339 0.19333
0.0050 3.57792 0.02319
0.0050 3.75246 0.00229
0.0050 3.92699 0.00049
0.0050 4.10152 0.00000
0.0050 4.27606 0.00000
0.0050 4.45059 0.00000
0.0050 4.62512 0.00000
0.0050 4.79966 0.00000
0.0050 4.97419 0.00000
0.0050 5.14872 0.00000
0.0050 5.32325 0.00000
0.0050 5.49779 0.00000
0.0050 5.67232 0.00245
0.0050 5.84685 0.02253
0.0050 6.02139 0.15300
0.0050 6.19592 0.57900

0.0150 0.08727 0.93457
0.0150 0.26180 0.66611
0.0150 0.43633 0.22041
0.0150 0.61087 0.04256
0.0150 0.78540 0.00503
0.0150 0.95993 0.00137
0.0150 1.13446 0.00031
0.0150 1.30900 0.00015
0.0150 1.48353 0.00000
0.0150 1.65806 0.00000
0.0150 1.83260 0.00000
0.0150 2.00713 0.00000
0.0150 2.18166 0.00031
0.0150 2.35619 0.00641
0.0150 2.53073 0.04561
0.0150 2.70526 0.25824
0.0150 2.87979 0.77944
0.0150 3.05433 1.11440
0.0150 3.22886 0.68990
0.0150 3.40339 0.18731
0.0150 3.57792 0.02166
0.0150 3.75246 0.00137
0.0150 3.92699 0.00015
0.0150 4.10152 0.00000
0.0150 4.27606 0.00000
0.0150 4.45059 0.00000
0.0150 4.62512 0.00000
0.0150 4.79966 0.00031
0.0150 4.97419 0.00015
0.0150 5.14872 0.00061
0.0150 5.32325 0.00061
0.0150 5.49779 0.00015
0.0150 5.67232 0.00061
0.0150 5.84685 0.02105
0.0150 6.02139 0.14796
0.0150 6.19592 0.58283

0.0250 0.08727 0.94900
0.0250 0.26180 0.66754
0.0250 0.43633 0.23106
0.0250 0.61087 0.04483
0.0250 0.78540 0.00586
0.0250 0.95993 0.00073
0.0250 1.13446 0.00044
0.0250 1.30900 0.00000
0.0250 1.48353 0.00000
0.0250 1.65806 0.00000
0.0250 1.83260 0.00000
0.0250 2.00713 0.00029
0.0250 2.18166 0.00073
0.0250 2.35619 0.00659
0.0250 2.53073 0.04894
0.0250 2.70526 0.24996
0.0250 2.87979 0.76629
0.0250 3.05433 1.10386
0.0250 3.22886 0.68805
0.0250 3.40339 0.18403
0.0250 3.57792 0.02227
0.0250 3.75246 0.00264
0.0250 3.92699 0.00015
0.0250 4.10152 0.00015
0.0250 4.27606 0.00015
0.0250 4.45059 0.00015
0.0250 4.62512 0.00000
0.0250 4.79966 0.00000
0.0250 4.97419 0.00015
0.0250 5.14872 0.00000
0.0250 5.32325 0.00000
0.0250 5.49779 0.00059
0.0250 5.67232 0.00234
0.0250 5.84685 0.02418
0.0250 6.02139 0.15560
0.0250 6.19592 0.57303

0.0350 0.08727 0.95777
0.0350 0.26180 0.66336
0.0350 0.43633 0.23062
0.0350 0.61087 0.03816
0.0350 0.78540 0.00668
0.0350 0.95993 0.00109
0.0350 1.13446 0.00014
0.0350 1.30900 0.00000
0.0350 1.48353 0.00000
0.0350 1.65806 0.00014
0.0350 1.83260 0.00014
0.0350 2.00713 0.00027
0.0350 2.18166 0.00191
0.0350 2.35619 0.00600
0.0350 2.53073 0.04770
0.0350 2.70526 0.26551
0.0350 2.87979 0.78099
0.0350 3.05433 1.09693
0.0350 3.22886 0.67372
0.0350 3.40339 0.18959
0.0350 3.57792 0.02385
0.0350 3.75246 0.00218
0.0350 3.92699 0.00014
0.0350 4.10152 0.00027
0.0350 4.27606 0.00014
0.0350 4.45059 0.00027
0.0350 4.62512 0.00000
0.0350 4.79966 0.00014
0.0350 4.97419 0.00000
0.0350 5.14872 0.00000
0.0350 5.32325 0.00000
0.0350 5.49779 0.00055
0.0350 5.67232 0.00273
0.0350 5.84685 0.02017
0.0350 6.02139 0.15184
0.0350 6.19592 0.56659

0.0450 0.08727 0.94738
0.0450 0.26180 0.66781
0.0450 0.43633 0.23304
0.0450 0.61087 0.04554
0.0450 0.78540 0.00582
0.0450 0.95993 0.00037
0.0450 1.13446 0.00012
0.0450 1.30900 0.00000
0.0450 1.48353 0.00012
0.0450 1.65806 0.00000
0.0450 1.83260 0.00012
0.0450 2.00713 0.00062
0.0450 2.18166 0.00186
0.0450 2.35619 0.00804
0.0450 2.53073 0.04270
0.0450 2.70526 0.27388
0.0450 2.87979 0.79429
0.0450 3.05433 1.09874
0.0450 3.22886 0.65729
0.0450 3.40339 0.18985
0.0450 3.57792 0.02215
0.0450 3.75246 0.00161
0.0450 3.92699 0.00012
0.0450 4.10152 0.00012
0.0450 4.27606 0.00037
0.0450 4.45059 0.00012
0.0450 4.62512 0.00000
0.0450 4.79966 0.00012
0.0450 4.97419 0.00012
0.0450 5.14872 0.00012
0.0450 5.32325 0.00025
0.0450 5.49779 0.00012
0.0450 5.67232 0.00248
0.0450 5.84685 0.02203
0.0450 6.02139 0.14888
0.0450 6.19592 0.56335

0.0550 0.08727 0.93806
0.0550 0.26180 0.66705
0.0550 0.43633 0.23434
0.0550 0.61087 0.04054
0.0550 0.78540 0.00490
0.0550 0.95993 0.00068
0.0550 1.13446 0.00011
0.0550 1.30900 0.00000
0.0550 1.48353 0.00000
0.0550 1.65806 0.00000
0.0550 1.83260 0.00000
0.0550 2.00713 0.00011
0.0550 2.18166 0.00125
0.0550 2.35619 0.00501
0.0550 2.53073 0.04919
0.0550 2.70526 0.27112
0.0550 2.87979 0.77853
0.0550 3.05433 1.08950
0.0550 3.22886 0.66204
0.0550 3.40339 0.18595
0.0550 3.57792 0.02357
0.0550 3.75246 0.00205
0.0550 3.92699 0.00023
0.0550 4.10152 0.00011
0.0550 4.27606 0.00000
0.0550 4.45059 0.00011
0.0550 4.62512 0.00000
0.0550 4.79966 0.00011
0.0550 4.97419 0.00023
0.0550 5.14872 0.00000
0.0550 5.32325 0.00000
0.0550 5.49779 0.00011
0.0550 5.67232 0.00171
0.0550 5.84685 0.02084
0.0550 6.02139 0.16352
0.0550 6.19592 0.58859

0.0650 0.08727 0.94646
0.0650 0.26180 0.66910
0.0650 0.43633 0.22220
0.0650 0.61087 0.04121
0.0650 0.78540 0.00510
0.0650 0.95993 0.00104
0.0650 1.13446 0.00010
0.0650 1.30900 0.00000
0.0650 1.48353 0.00000
0.0650 1.65806 0.00000
0.0650 1.83260 0.00000
0.0650 2.00713 0.00000
0.0650 2.18166 0.00094
0.0650 2.35619 0.00676
0.0650 2.53073 0.04704
0.0650 2.70526 0.26862
0.0650 2.87979 0.77068
0.0650 3.05433 1.08905
0.0650 3.22886 0.68232
0.0650 3.40339 0.18307
0.0650 3.57792 0.02165
0.0650 3.75246 0.00208
0.0650 3.92699 0.00021
0.0650 4.10152 0.00010
0.0650 4.27606 0.00000
0.0650 4.45059 0.00000
0.0650 4.62512 0.00000
0.0650 4.79966 0.00021
0.0650 4.97419 0.00010
0.0650 5.14872 0.00010
0.0650 5.32325 0.00021
0.0650 5.49779 0.00000
0.0650 5.67232 0.00146
0.0650 5.84685 0.01998
0.0650 6.02139 0.15757
0.0650 6.19592 0.59219

0.0750 0.08727 0.96809
0.0750 0.26180 0.65840
0.0750 0.43633 0.22508
0.0750 0.61087 0.04093
0.0750 0.78540 0.00501
0.0750 0.95993 0.00076
0.0750 1.13446 0.00019
0.0750 1.30900 0.00000
0.0750 1.48353 0.00000
0.0750 1.65806 0.00019
0.0750 1.83260 0.00000
0.0750 2.00713 0.00019
0.0750 2.18166 0.00123
0.0750 2.35619 0.00681
0.0750 2.53073 0.05029
0.0750 2.70526 0.26440
0.0750 2.87979 0.77751
0.0750 3.05433 1.08077
0.0750 3.22886 0.66852
0.0750 3.40339 0.18547
0.0750 3.57792 0.01966
0.0750 3.75246 0.00170
0.0750 3.92699 0.00019
0.0750 4.10152 0.00000
0.0750 4.27606 0.00000
0.0750 4.45059 0.00000
0.0750 4.62512 0.00000
0.0750 4.79966 0.00000
0.0750 4.97419 0.00000
0.0750 5.14872 0.00009
0.0750 5.32325 0.00009
0.0750 5.49779 0.00038
0.0750 5.67232 0.00189
0.0750 5.84685 0.02155
0.0750 6.02139 0.16051
0.0750 6.19592 0.58968

0.0850 0.08727 0.96903
0.0850 0.26180 0.67140
0.0850 0.43633 0.24159
0.0850 0.61087 0.04143
0.0850 0.78540 0.00479
0.0850 0.95993 0.00101
0.0850 1.13446 0.00000
0.0850 1.30900 0.00000
0.0850 1.48353 0.00000
0.0850 1.65806 0.00000
0.0850 1.83260 0.00008
0.0850 2.00713 0.00050
0.0850 2.18166 0.00050
0.0850 2.35619 0.00504
0.0850 2.53073 0.04865
0.0850 2.70526 0.25310
0.0850 2.87979 0.76644
0.0850 3.05433 1.08642
0.0850 3.22886 0.66963
0.0850 3.40339 0.17982
0.0850 3.57792 0.02302
0.0850 3.75246 0.00176
0.0850 3.92699 0.00008
0.0850 4.10152 0.00000
0.0850 4.27606 0.00000
0.0850 4.45059 0.00000
0.0850 4.62512 0.00000
0.0850 4.79966 0.00000
0.0850 4.97419 0.00000
0.0850 5.14872 0.00000
0.0850 5.32325 0.00000
0.0850 5.49779 0.00008
0.0850 5.67232 0.00126
0.0850 5.84685 0.02168
0.0850 6.02139 0.16562
0.0850 6.19592 0.57661

0.0950 0.08727 0.97088
0.0950 0.26180 0.68423
0.0950 0.43633 0.23147
0.0950 0.61087 0.04259
0.0950 0.78540 0.00660
0.0950 0.95993 0.00099
0.0950 1.13446 0.00000
0.0950 1.30900 0.00008
0.0950 1.48353 0.00000
0.0950 1.65806 0.00000
0.0950 1.83260 0.00015
0.0950 2.00713 0.00008
0.0950 2.18166 0.00046
0.0950 2.35619 0.00486
0.0950 2.53073 0.04494
0.0950 2.70526 0.25219
0.0950 2.87979 0.75756
0.0950 3.05433 1.07238
0.0950 3.22886 0.66487
0.0950 3.40339 0.17582
0.0950 3.57792 0.02331
0.0950 3.75246 0.00243
0.0950 3.92699 0.00030
0.0950 4.10152 0.00000
0.0950 4.27606 0.00000
0.0950 4.45059 0.00000
0.0950 4.62512 0.00000
0.0950 4.79966 0.00000
0.0950 4.97419 0.00000
0.0950 5.14872 0.00008
0.0950 5.32325 0.00015
0.0950 5.49779 0.00008
0.0950 5.67232 0.00266
0.0950 5.84685 0.02331
0.0950 6.02139 0.16102
0.0950 6.19592 0.60611

0.1050 0.08727 0.95271
0.1050 0.26180 0.67476
0.1050 0.43633 0.22686
0.1050 0.61087 0.04425
0.1050 0.78540 0.00541
0.1050 0.95993 0.00088
0.1050 1.13446 0.00000
0.1050 1.30900 0.00000
0.1050 1.48353 0.00000
0.1050 1.65806 0.00000
0.1050 1.83260 0.00000
0.1050 2.00713 0.00007
0.1050 2.18166 0.00034
0.1050 2.35619 0.00629
0.1050 2.53073 0.04682
0.1050 2.70526 0.26042
0.1050 2.87979 0.77280
0.1050 3.05433 1.08207
0.1050 3.22886 0.67104
0.1050 3.40339 0.18045
0.1050 3.57792 0.02192
0.1050 3.75246 0.00169
0.1050 3.92699 0.00020
0.1050 4.10152 0.00000
0.1050 4.27606 0.00000
0.1050 4.45059 0.00000
0.1050 4.62512 0.00000
0.1050 4.79966 0.00000
0.1050 4.97419 0.00007
0.1050 5.14872 0.00000
0.1050 5.32325 0.00007
0.1050 5.49779 0.00020
0.1050 5.67232 0.00183
0.1050 5.84685 0.02246
0.1050 6.02139 0.16346
0.1050 6.19592 0.59249

0.1150 0.08727 0.97186
0.1150 0.26180 0.68094
0.1150 0.43633 0.23446
0.1150 0.61087 0.04371
0.1150 0.78540 0.00551
0.1150 0.95993 0.00036
0.1150 1.13446 0.00012
0.1150 1.30900 0.00000
0.1150 1.48353 0.00000
0.1150 1.65806 0.00012
0.1150 1.83260 0.00006
0.1150 2.00713 0.00042
0.1150 2.18166 0.00078
0.1150 2.35619 0.00557
0.1150 2.53073 0.04910
0.1150 2.70526 0.25320
0.1150 2.87979 0.77470
0.1150 3.05433 1.07568
0.1150 3.22886 0.65460
0.1150 3.40339 0.17585
0.1150 3.57792 0.02407
0.1150 3.75246 0.00144
0.1150 3.92699 0.00012
0.1150 4.10152 0.00000
0.1150 4.27606 0.00000
0.1150 4.45059 0.00000
0.1150 4.62512 0.00000
0.1150 4.79966 0.00000
0.1150 4.97419 0.00000
0.1150 5.14872 0.00006
0.1150 5.32325 0.00000
0.1150 5.49779 0.00006
0.1150 5.67232 0.00114
0.1150 5.84685 0.02072
0.1150 6.02139 0.16154
0.1150 6.19592 0.59340

0.1250 0.08727 0.97443
0.1250 0.26180 0.68343
0.1250 0.43633 0.23065
0.1250 0.61087 0.04158
0.1250 0.78540 0.00496
0.1250 0.95993 0.00048
0.1250 1.13446 0.00005
0.1250 1.30900 0.00000
0.1250 1.48353 0.00000
0.1250 1.65806 0.00005
0.1250 1.83260 0.00011
0.1250 2.00713 0.00043
0.1250 2.18166 0.00080
0.1250 2.35619 0.00554
0.1250 2.53073 0.04595
0.1250 2.70526 0.25000
0.1250 2.87979 0.75023
0.1250 3.05433 1.08930
0.1250 3.22886 0.65300
0.1250 3.40339 0.17809
0.1250 3.57792 0.02228
0.1250 3.75246 0.00149
0.1250 3.92699 0.00016
0.1250 4.10152 0.00000
0.1250 4.27606 0.00005
0.1250 4.45059 0.00000
0.1250 4.62512 0.00000
0.1250 4.79966 0.00000
0.1250 4.97419 0.00000
0.1250 5.14872 0.00000
0.1250 5.32325 0.00011
0.1250 5.49779 0.00011
0.1250 5.67232 0.00165
0.1250 5.84685 0.02020
0.1250 6.02139 0.16551
0.1250 6.19592 0.60891

0.1350 0.08727 0.97282
0.1350 0.26180 0.69566
0.1350 0.43633 0.22718
0.1350 0.61087 0.04478
0.1350 0.78540 0.00525
0.1350 0.95993 0.00076
0.1350 1.13446 0.00014
0.1350 1.30900 0.00005
0.1350 1.48353 0.00000
0.1350 1.65806 0.00005
0.1350 1.83260 0.00005
0.1350 2.00713 0.00010
0.1350 2.18166 0.00081
0.1350 2.35619 0.00683
0.1350 2.53073 0.04659
0.1350 2.70526 0.25740
0.1350 2.87979 0.76746
0.1350 3.05433 1.05259
0.1350 3.22886 0.66330
0.1350 3.40339 0.17853
0.1350 3.57792 0.02167
0.1350 3.75246 0.00143
0.1350 3.92699 0.00014
0.1350 4.10152 0.00000
0.1350 4.27606 0.00000
0.1350 4.45059 0.00010
0.1350 4.62512 0.00005
0.1350 4.79966 0.00000
0.1350 4.97419 0.00005
0.1350 5.14872 0.00000
0.1350 5.32325 0.00000
0.1350 5.49779 0.00010
0.1350 5.67232 0.00239
0.1350 5.84685 0.02100
0.1350 6.02139 0.16121
0.1350 6.19592 0.60110

0.1450 0.08727 0.96698
0.1450 0.26180 0.69440
0.1450 0.43633 0.23311
0.1450 0.61087 0.04050
0.1450 0.78540 0.00459
0.1450 0.95993 0.00055
0.1450 1.13446 0.00013
0.1450 1.30900 0.00000
0.1450 1.48353 0.00000
0.1450 1.65806 0.00004
0.1450 1.83260 0.00000
0.1450 2.00713 0.00004
0.1450 2.18166 0.00081
0.1450 2.35619 0.00553
0.1450 2.53073 0.04458
0.1450 2.70526 0.25608
0.1450 2.87979 0.76382
0.1450 3.05433 1.06359
0.1450 3.22886 0.65513
0.1450 3.40339 0.17930
0.1450 3.57792 0.02344
0.1450 3.75246 0.00162
0.1450 3.92699 0.00004
0.1450 4.10152 0.00004
0.1450 4.27606 0.00009
0.1450 4.45059 0.00004
0.1450 4.62512 0.00000
0.1450 4.79966 0.00000
0.1450 4.97419 0.00000
0.1450 5.14872 0.00000
0.1450 5.32325 0.00000
0.1450 5.49779 0.00009
0.1450 5.67232 0.00140
0.1450 5.84685 0.02140
0.1450 6.02139 0.16067
0.1450 6.19592 0.61157

0.1550 0.08727 0.96403
0.1550 0.26180 0.67609
0.1550 0.43633 0.22689
0.1550 0.61087 0.04342
0.1550 0.78540 0.00479
0.1550 0.95993 0.00052
0.1550 1.13446 0.00007
0.1550 1.30900 0.00007
0.1550 1.48353 0.00004
0.1550 1.65806 0.00004
0.1550 1.83260 0.00007
0.1550 2.00713 0.00004
0.1550 2.18166 0.00082
0.1550 2.35619 0.00543
0.1550 2.53073 0.05009
0.1550 2.70526 0.25792
0.1550 2.87979 0.76196
0.1550 3.05433 1.08367
0.1550 3.22886 0.66995
0.1550 3.40339 0.17732
0.1550 3.57792 0.02250
0.1550 3.75246 0.00135
0.1550 3.92699 0.00007
0.1550 4.10152 0.00004
0.1550 4.27606 0.00000
0.1550 4.45059 0.00000
0.1550 4.62512 0.00000
0.1550 4.79966 0.00000
0.1550 4.97419 0.00000
0.1550 5.14872 0.00000
0.1550 5.32325 0.00004
0.1550 5.49779 0.00022
0.1550 5.67232 0.00176
0.1550 5.84685 0.01991
0.1550 6.02139 0.15977
0.1550 6.19592 0.60066

0.1650 0.08727 0.96470
0.1650 0.26180 0.67408
0.1650 0.43633 0.22578
0.1650 0.61087 0.04111
0.1650 0.78540 0.00546
0.1650 0.95993 0.00030
0.1650 1.13446 0.00010
0.1650 1.30900 0.00000
0.1650 1.48353 0.00007
0.1650 1.65806 0.00007
0.1650 1.83260 0.00007
0.1650 2.00713 0.00007
0.1650 2.18166 0.00060
0.1650 2.35619 0.00602
0.1650 2.53073 0.04670
0.1650 2.70526 0.25887
0.1650 2.87979 0.77467
0.1650 3.05433 1.09937
0.1650 3.22886 0.66070
0.1650 3.40339 0.17665
0.1650 3.57792 0.02323
0.1650 3.75246 0.00153
0.1650 3.92699 0.00017
0.1650 4.10152 0.00000
0.1650 4.27606 0.00003
0.1650 4.45059 0.00003
0.1650 4.62512 0.00000
0.1650 4.79966 0.00000
0.1650 4.97419 0.00000
0.1650 5.14872 0.00000
0.1650 5.32325 0.00000
0.1650 5.49779 0.00007
0.1650 5.67232 0.00176
0.1650 5.84685 0.01994
0.1650 6.02139 0.15751
0.1650 6.19592 0.58993

0.1750 0.08727 0.96357
0.1750 0.26180 0.68247
0.1750 0.43633 0.22385
0.1750 0.61087 0.03777
0.1750 0.78540 0.00515
0.1750 0.95993 0.00059
0.1750 1.13446 0.00012
0.1750 1.30900 0.00000
0.1750 1.48353 0.00003
0.1750 1.65806 0.00003
0.1750 1.83260 0.00003
0.1750 2.00713 0.00000
0.1750 2.18166 0.00083
0.1750 2.35619 0.00504
0.1750 2.53073 0.04683
0.1750 2.70526 0.25696
0.1750 2.87979 0.77912
0.1750 3.05433 1.09583
0.1750 3.22886 0.66632
0.1750 3.40339 0.17636
0.1750 3.57792 0.02296
0.1750 3.75246 0.00169
0.1750 3.92699 0.00006
0.1750 4.10152 0.00000
0.1750 4.27606 0.00000
0.1750 4.45059 0.00000
0.1750 4.62512 0.00000
0.1750 4.79966 0.00000
0.1750 4.97419 0.00000
0.1750 5.14872 0.00003
0.1750 5.32325 0.00000
0.1750 5.49779 0.00006
0.1750 5.67232 0.00169
0.1750 5.84685 0.02065
0.1750 6.02139 0.15592
0.1750 6.19592 0.58564

0.1850 0.08727 0.95432
0.1850 0.26180 0.67380
0.1850 0.43633 0.22011
0.1850 0.61087 0.04012
0.1850 0.78540 0.00542
0.1850 0.95993 0.00085
0.1850 1.13446 0.00013
0.1850 1.30900 0.00000
0.1850 1.48353 0.00000
0.1850 1.65806 0.00003
0.1850 1.83260 0.00005
0.1850 2.00713 0.00005
0.1850 2.18166 0.00056
0.1850 2.35619 0.00523
0.1850 2.53073 0.04576
0.1850 2.70526 0.25972
0.1850 2.87979 0.77767
0.1850 3.05433 1.09813
0.1850 3.22886 0.67300
0.1850 3.40339 0.18303
0.1850 3.57792 0.02226
0.1850 3.75246 0.00144
0.1850 3.92699 0.00005
0.1850 4.10152 0.00003
0.1850 4.27606 0.00003
0.1850 4.45059 0.00000
0.1850 4.62512 0.00000
0.1850 4.79966 0.00000
0.1850 4.97419 0.00000
0.1850 5.14872 0.00000
0.1850 5.32325 0.00000
0.1850 5.49779 0.00005
0.1850 5.67232 0.00179
0.1850 5.84685 0.02133
0.1850 6.02139 0.15740
0.1850 6.19592 0.58722

0.1950 0.08727 0.94346
0.1950 0.26180 0.66838
0.1950 0.43633 0.21616
0.1950 0.61087 0.04037
0.1950 0.78540 0.00489
0.1950 0.95993 0.00039
0.1950 1.13446 0.00002
0.1950 1.30900 0.00000
0.1950 1.48353 0.00000
0.1950 1.65806 0.00000
0.1950 1.83260 0.00005
0.1950 2.00713 0.00007
0.1950 2.18166 0.00056
0.1950 2.35619 0.00606
0.1950 2.53073 0.04792
0.1950 2.70526 0.26191
0.1950 2.87979 0.79042
0.1950 3.05433 1.10291
0.1950 3.22886 0.67659
0.1950 3.40339 0.18313
0.1950 3.57792 0.02148
0.1950 3.75246 0.00183
0.1950 3.92699 0.00005
0.1950 4.10152 0.00000
0.1950 4.27606 0.00000
0.1950 4.45059 0.00000
0.1950 4.62512 0.00000
0.1950 4.79966 0.00000
0.1950 4.97419 0.00000
0.1950 5.14872 0.00002
0.1950 5.32325 0.00000
0.1950 5.49779 0.00010
0.1950 5.67232 0.00161
0.1950 5.84685 0.02011
0.1950 6.02139 0.15617
0.1950 6.19592 0.58491

0.2050 0.08727 0.94692
0.2050 0.26180 0.67577
0.2050 0.43633 0.22132
0.2050 0.61087 0.03833
0.2050 0.78540 0.00520
0.2050 0.95993 0.00064
0.2050 1.13446 0.00000
0.2050 1.30900 0.00005
0.2050 1.48353 0.00000
0.2050 1.65806 0.00000
0.2050 1.83260 0.00000
0.2050 2.00713 0.00011
0.2050 2.18166 0.00064
0.2050 2.35619 0.00586
0.2050 2.53073 0.04729
0.2050 2.70526 0.25770
0.2050 2.87979 0.78714
0.2050 3.05433 1.09126
0.2050 3.22886 0.67552
0.2050 3.40339 0.18133
0.2050 3.57792 0.02184
0.2050 3.75246 0.00145
0.2050 3.92699 0.00014
0.2050 4.10152 0.00000
0.2050 4.27606 0.00000
0.2050 4.45059 0.00000
0.2050 4.62512 0.00000
0.2050 4.79966 0.00000
0.2050 4.97419 0.00000
0.2050 5.14872 0.00000
0.2050 5.32325 0.00000
0.2050 5.49779 0.00014
0.2050 5.67232 0.00195
0.2050 5.84685 0.02072
0.2050 6.02139 0.15876
0.2050 6.19592 0.58950

0.2150 0.08727 0.95482
0.2150 0.26180 0.66843
0.2150 0.43633 0.22202
0.2150 0.61087 0.03843
0.2150 0.78540 0.00465
0.2150 0.95993 0.00049
0.2150 1.13446 0.00006
0.2150 1.30900 0.00000
0.2150 1.48353 0.00002
0.2150 1.65806 0.00000
0.2150 1.83260 0.00000
0.2150 2.00713 0.00011
0.2150 2.18166 0.00068
0.2150 2.35619 0.00526
0.2150 2.53073 0.04828
0.2150 2.70526 0.26098
0.2150 2.87979 0.78498
0.2150 3.05433 1.09371
0.2150 3.22886 0.66777
0.2150 3.40339 0.18284
0.2150 3.57792 0.02381
0.2150 3.75246 0.00198
0.2150 3.92699 0.00009
0.2150 4.10152 0.00000
0.2150 4.27606 0.00000
0.2150 4.45059 0.00000
0.2150 4.62512 0.00000
0.2150 4.79966 0.00000
0.2150 4.97419 0.00000
0.2150 5.14872 0.00000
0.2150 5.32325 0.00000
0.2150 5.49779 0.00011
0.2150 5.67232 0.00153
0.2150 5.84685 0.02110
0.2150 6.02139 0.16057
0.2150 6.19592 0.58685

0.2250 0.08727 0.95940
0.2250 0.26180 0.68891
0.2250 0.43633 0.22515
0.2250 0.61087 0.04015
0.2250 0.78540 0.00494
0.2250 0.95993 0.00054
0.2250 1.13446 0.00002
0.2250 1.30900 0.00002
0.2250 1.48353 0.00000
0.2250 1.65806 0.00000
0.2250 1.83260 0.00002
0.2250 2.00713 0.00012
0.2250 2.18166 0.00066
0.2250 2.35619 0.00583
0.2250 2.53073 0.04524
0.2250 2.70526 0.25781
0.2250 2.87979 0.76868
0.2250 3.05433 1.08463
0.2250 3.22886 0.66504
0.2250 3.40339 0.18230
0.2250 3.57792 0.02388
0.2250 3.75246 0.00151
0.2250 3.92699 0.00008
0.2250 4.10152 0.00004
0.2250 4.27606 0.00000
0.2250 4.45059 0.00002
0.2250 4.62512 0.00000
0.2250 4.79966 0.00000
0.2250 4.97419 0.00000
0.2250 5.14872 0.00000
0.2250 5.32325 0.00000
0.2250 5.49779 0.00002
0.2250 5.67232 0.00123
0.2250 5.84685 0.01994
0.2250 6.02139 0.15829
0.2250 6.19592 0.59512

0.2350 0.08727 0.96182
0.2350 0.26180 0.68114
0.2350 0.43633 0.22401
0.2350 0.61087 0.04077
0.2350 0.78540 0.00538
0.2350 0.95993 0.00044
0.2350 1.13446 0.00009
0.2350 1.30900 0.00002
0.2350 1.48353 0.00000
0.2350 1.65806 0.00004
0.2350 1.83260 0.00002
0.2350 2.00713 0.00011
0.2350 2.18166 0.00051
0.2350 2.35619 0.00576
0.2350 2.53073 0.04685
0.2350 2.70526 0.25671
0.2350 2.87979 0.76743
0.2350 3.05433 1.08385
0.2350 3.22886 0.67119
0.2350 3.40339 0.17874
0.2350 3.57792 0.02377
0.2350 3.75246 0.00188
0.2350 3.92699 0.00006
0.2350 4.10152 0.00000
0.2350 4.27606 0.00000
0.2350 4.45059 0.00000
0.2350 4.62512 0.00000
0.2350 4.79966 0.00000
0.2350 4.97419 0.00000
0.2350 5.14872 0.00000
0.2350 5.32325 0.00000
0.2350 5.49779 0.00013
0.2350 5.67232 0.00144
0.2350 5.84685 0.02221
0.2350 6.02139 0.16231
0.2350 6.19592 0.59290

0.2450 0.08727 0.97081
0.2450 0.26180 0.68950
0.2450 0.43633 0.22740
0.2450 0.61087 0.04140
0.2450 0.78540 0.00492
0.2450 0.95993 0.00056
0.2450 1.13446 0.00011
0.2450 1.30900 0.00000
0.2450 1.48353 0.00000
0.2450 1.65806 0.00002
0.2450 1.83260 0.00002
0.2450 2.00713 0.00013
0.2450 2.18166 0.00048
0.2450 2.35619 0.00584
0.2450 2.53073 0.04568
0.2450 2.70526 0.25286
0.2450 2.87979 0.76942
0.2450 3.05433 1.07005
0.2450 3.22886 0.66177
0.2450 3.40339 0.17713
0.2450 3.57792 0.02240
0.2450 3.75246 0.00154
0.2450 3.92699 0.00013
0.2450 4.10152 0.00002
0.2450 4.27606 0.00000
0.2450 4.45059 0.00000
0.2450 4.62512 0.00000
0.2450 4.79966 0.00002
0.2450 4.97419 0.00000
0.2450 5.14872 0.00000
0.2450 5.32325 0.00000
0.2450 5.49779 0.00009
0.2450 5.67232 0.00162
0.2450 5.84685 0.02163
0.2450 6.02139 0.16500
0.2450 6.19592 0.59906

0.2550 0.08727 0.97931
0.2550 0.26180 0.69071
0.2550 0.43633 0.22610
0.2550 0.61087 0.04162
0.2550 0.78540 0.00455
0.2550 0.95993 0.00053
0.2550 1.13446 0.00010
0.2550 1.30900 0.00000
0.2550 1.48353 0.00000
0.2550 1.65806 0.00000
0.2550 1.83260 0.00002
0.2550 2.00713 0.00009
0.2550 2.18166 0.00068
0.2550 2.35619 0.00562
0.2550 2.53073 0.04548
0.2550 2.70526 0.24703
0.2550 2.87979 0.75911
0.2550 3.05433 1.07841
0.2550 3.22886 0.65886
0.2550 3.40339 0.17919
0.2550 3.57792 0.02248
0.2550 3.75246 0.00170
0.2550 3.92699 0.00017
0.2550 4.10152 0.00007
0.2550 4.27606 0.00000
0.2550 4.45059 0.00003
0.2550 4.62512 0.00000
0.2550 4.79966 0.00000
0.2550 4.97419 0.00000
0.2550 5.14872 0.00002
0.2550 5.32325 0.00000
0.2550 5.49779 0.00009
0.2550 5.67232 0.00140
0.2550 5.84685 0.02094
0.2550 6.02139 0.16521
0.2550 6.19592 0.60007

0.2650 0.08727 0.98035
0.2650 0.26180 0.69434
0.2650 0.43633 0.23432
0.2650 0.61087 0.04139
0.2650 0.78540 0.00475
0.2650 0.95993 0.00061
0.2650 1.13446 0.00006
0.2650 1.30900 0.00000
0.2650 1.48353 0.00000
0.2650 1.65806 0.00000
0.2650 1.83260 0.00002
0.2650 2.00713 0.00005
0.2650 2.18166 0.00048
0.2650 2.35619 0.00559
0.2650 2.53073 0.04387
0.2650 2.70526 0.24758
0.2650 2.87979 0.76287
0.2650 3.05433 1.06222
0.2650 3.22886 0.65819
0.2650 3.40339 0.17713
0.2650 3.57792 0.02327
0.2650 3.75246 0.00184
0.2650 3.92699 0.00011
0.2650 4.10152 0.00002
0.2650 4.27606 0.00000
0.2650 4.45059 0.00000
0.2650 4.62512 0.00000
0.2650 4.79966 0.00000
0.2650 4.97419 0.00000
0.2650 5.14872 0.00000
0.2650 5.32325 0.00000
0.2650 5.49779 0.00008
0.2650 5.67232 0.00149
0.2650 5.84685 0.02096
0.2650 6.02139 0.16510
0.2650 6.19592 0.60290

0.2750 0.08727 0.98549
0.2750 0.26180 0.70116
0.2750 0.43633 0.23680
0.2750 0.61087 0.04224
0.2750 0.78540 0.00531
0.2750 0.95993 0.00049
0.2750 1.13446 0.00011
0.2750 1.30900 0.00005
0.2750 1.48353 0.00002
0.2750 1.65806 0.00003
0.2750 1.83260 0.00002
0.2750 2.00713 0.00006
0.2750 2.18166 0.00051
0.2750 2.35619 0.00592
0.2750 2.53073 0.04393
0.2750 2.70526 0.24850
0.2750 2.87979 0.74486
0.2750 3.05433 1.05898
0.2750 3.22886 0.65635
0.2750 3.40339 0.17768
0.2750 3.57792 0.02324
0.2750 3.75246 0.00198
0.2750 3.92699 0.00012
0.2750 4.10152 0.00002
0.2750 4.27606 0.00000
0.2750 4.45059 0.00002
0.2750 4.62512 0.00000
0.2750 4.79966 0.00000
0.2750 4.97419 0.00000
0.2750 5.14872 0.00000
0.2750 5.32325 0.00000
0.2750 5.49779 0.00008
0.2750 5.67232 0.00178
0.2750 5.84685 0.02117
0.2750 6.02139 0.16363
0.2750 6.19592 0.60903

0.2850 0.08727 0.98561
0.2850 0.26180 0.69828
0.2850 0.43633 0.23067
0.2850 0.61087 0.04132
0.2850 0.78540 0.00563
0.2850 0.95993 0.00080
0.2850 1.13446 0.00013
0.2850 1.30900 0.00001
0.2850 1.48353 0.00000
0.2850 1.65806 0.00004
0.2850 1.83260 0.00001
0.2850 2.00713 0.00013
0.2850 2.18166 0.00057
0.2850 2.35619 0.00588
0.2850 2.53073 0.04368
0.2850 2.70526 0.24873
0.2850 2.87979 0.74624
0.2850 3.05433 1.06259
0.2850 3.22886 0.65745
0.2850 3.40339 0.18035
0.2850 3.57792 0.02355
0.2850 3.75246 0.00171
0.2850 3.92699 0.00009
0.2850 4.10152 0.00001
0.2850 4.27606 0.00000
0.2850 4.45059 0.00000
0.2850 4.62512 0.00000
0.2850 4.79966 0.00000
0.2850 4.97419 0.00000
0.2850 5.14872 0.00000
0.2850 5.32325 0.00000
0.2850 5.49779 0.00013
0.2850 5.67232 0.00169
0.2850 5.84685 0.02143
0.2850 6.02139 0.16686
0.2850 6.19592 0.60596

0.2950 0.08727 0.98947
0.2950 0.26180 0.70178
0.2950 0.43633 0.23231
0.2950 0.61087 0.04099
0.2950 0.78540 0.00514
0.2950 0.95993 0.00066
0.2950 1.13446 0.00014
0.2950 1.30900 0.00011
0.2950 1.48353 0.00000
0.2950 1.65806 0.00001
0.2950 1.83260 0.00006
0.2950 2.00713 0.00011
0.2950 2.18166 0.00080
0.2950 2.35619 0.00566
0.2950 2.53073 0.04562
0.2950 2.70526 0.25248
0.2950 2.87979 0.74889
0.2950 3.05433 1.05173
0.2950 3.22886 0.64966
0.2950 3.40339 0.17677
0.2950 3.57792 0.02322
0.2950 3.75246 0.00190
0.2950 3.92699 0.00017
0.2950 4.10152 0.00001
0.2950 4.27606 0.00000
0.2950 4.45059 0.00000
0.2950 4.62512 0.00000
0.2950 4.79966 0.00000
0.2950 4.97419 0.00000
0.2950 5.14872 0.00000
0.2950 5.32325 0.00000
0.2950 5.49779 0.00010
0.2950 5.67232 0.00168
0.2950 5.84685 0.02112
0.2950 6.02139 0.16401
0.2950 6.19592 0.61496

0.3050 0.08727 0.99171
0.3050 0.26180 0.70381
0.3050 0.43633 0.23476
0.3050 0.61087 0.04177
0.3050 0.78540 0.00549
0.3050 0.95993 0.00077
0.3050 1.13446 0.00011
0.3050 1.30900 0.00003
0.3050 1.48353 0.00001
0.3050 1.65806 0.00001
0.3050 1.83260 0.00003
0.3050 2.00713 0.00009
0.3050 2.18166 0.00084
0.3050 2.35619 0.00597
0.3050 2.53073 0.04594
0.3050 2.70526 0.25049
0.3050 2.87979 0.74437
0.3050 3.05433 1.05286
0.3050 3.22886 0.64709
0.3050 3.40339 0.17509
0.3050 3.57792 0.02350
0.3050 3.75246 0.00198
0.3050 3.92699 0.00009
0.3050 4.10152 0.00000
0.3050 4.27606 0.00001
0.3050 4.45059 0.00000
0.3050 4.62512 0.00000
0.3050 4.79966 0.00000
0.3050 4.97419 0.00000
0.3050 5.14872 0.00001
0.3050 5.32325 0.00001
0.3050 5.49779 0.00011
0.3050 5.67232 0.00163
0.3050 5.84685 0.02120
0.3050 6.02139 0.16739
0.3050 6.19592 0.61238

0.3150 0.08727 0.99276
0.3150 0.26180 0.70333
0.3150 0.43633 0.23626
0.3150 0.61087 0.04110
0.3150 0.78540 0.00515
0.3150 0.95993 0.00060
0.3150 1.13446 0.00004
0.3150 1.30900 0.00000
0.3150 1.48353 0.00000
0.3150 1.65806 0.00000
0.3150 1.83260 0.00000
0.3150 2.00713 0.00017
0.3150 2.18166 0.00056
0.3150 2.35619 0.00588
0.3150 2.53073 0.04515
0.3150 2.70526 0.25015
0.3150 2.87979 0.74898
0.3150 3.05433 1.05001
0.3150 3.22886 0.64602
0.3150 3.40339 0.17594
0.3150 3.57792 0.02326
0.3150 3.75246 0.00181
0.3150 3.92699 0.00009
0.3150 4.10152 0.00000
0.3150 4.27606 0.00000
0.3150 4.45059 0.00000
0.3150 4.62512 0.00000
0.3150 4.79966 0.00000
0.3150 4.97419 0.00004
0.3150 5.14872 0.00000
0.3150 5.32325 0.00004
0.3150 5.49779 0.00022
0.3150 5.67232 0.00164
0.3150 5.84685 0.02174
0.3150 6.02139 0.16736
0.3150 6.19592 0.61129

0.3250 0.08727 0.99095
0.3250 0.26180 0.70576
0.3250 0.43633 0.23619
0.3250 0.61087 0.04170
0.3250 0.78540 0.00492
0.3250 0.95993 0.00071
0.3250 1.13446 0.00009
0.3250 1.30900 0.00004
0.3250 1.48353 0.00001
0.3250 1.65806 0.00002
0.3250 1.83260 0.00004
0.3250 2.00713 0.00011
0.3250 2.18166 0.00047
0.3250 2.35619 0.00533
0.3250 2.53073 0.04334
0.3250 2.70526 0.24710
0.3250 2.87979 0.74978
0.3250 3.05433 1.05312
0.3250 3.22886 0.64948
0.3250 3.40339 0.17395
0.3250 3.57792 0.02335
0.3250 3.75246 0.00136
0.3250 3.92699 0.00006
0.3250 4.10152 0.00001
0.3250 4.27606 0.00000
0.3250 4.45059 0.00000
0.3250 4.62512 0.00001
0.3250 4.79966 0.00000
0.3250 4.97419 0.00000
0.3250 5.14872 0.00004
0.3250 5.32325 0.00000
0.3250 5.49779 0.00015
0.3250 5.67232 0.00187
0.3250 5.84685 0.02127
0.3250 6.02139 0.16646
0.3250 6.19592 0.61189

0.3350 0.08727 0.98955
0.3350 0.26180 0.70377
0.3350 0.43633 0.23486
0.3350 0.61087 0.04303
0.3350 0.78540 0.00541
0.3350 0.95993 0.00061
0.3350 1.13446 0.00009
0.3350 1.30900 0.00005
0.3350 1.48353 0.00001
0.3350 1.65806 0.00004
0.3350 1.83260 0.00005
0.3350 2.00713 0.00006
0.3350 2.18166 0.00048
0.3350 2.35619 0.00600
0.3350 2.53073 0.04476
0.3350 2.70526 0.25097
0.3350 2.87979 0.74658
0.3350 3.05433 1.05831
0.3350 3.22886 0.64697
0.3350 3.40339 0.17208
0.3350 3.57792 0.02330
0.3350 3.75246 0.00169
0.3350 3.92699 0.00009
0.3350 4.10152 0.00001
0.3350 4.27606 0.00000
0.3350 4.45059 0.00001
0.3350 4.62512 0.00002
0.3350 4.79966 0.00000
0.3350 4.97419 0.00002
0.3350 5.14872 0.00001
0.3350 5.32325 0.00000
0.3350 5.49779 0.00012
0.3350 5.67232 0.00170
0.3350 5.84685 0.02168
0.3350 6.02139 0.16731
0.3350 6.19592 0.60991

0.3450 0.08727 0.99546
0.3450 0.26180 0.70117
0.3450 0.43633 0.23067
0.3450 0.61087 0.04396
0.3450 0.78540 0.00536
0.3450 0.95993 0.00063
0.3450 1.13446 0.00007
0.3450 1.30900 0.00003
0.3450 1.48353 0.00000
0.3450 1.65806 0.00002
0.3450 1.83260 0.00003
0.3450 2.00713 0.00008
0.3450 2.18166 0.00076
0.3450 2.35619 0.00552
0.3450 2.53073 0.04503
0.3450 2.70526 0.24942
0.3450 2.87979 0.74886
0.3450 3.05433 1.05447
0.3450 3.22886 0.64769
0.3450 3.40339 0.17625
0.3450 3.57792 0.02273
0.3450 3.75246 0.00175
0.3450 3.92699 0.00016
0.3450 4.10152 0.00000
0.3450 4.27606 0.00001
0.3450 4.45059 0.00001
0.3450 4.62512 0.00000
0.3450 4.79966 0.00000
0.3450 4.97419 0.00000
0.3450 5.14872 0.00001
0.3450 5.32325 0.00001
0.3450 5.49779 0.00011
0.3450 5.67232 0.00148
0.3450 5.84685 0.02120
0.3450 6.02139 0.16579
0.3450 6.19592 0.61083

0.3550 0.08727 0.99859
0.3550 0.26180 0.70128
0.3550 0.43633 0.23298
0.3550 0.61087 0.04273
0.3550 0.78540 0.00498
0.3550 0.95993 0.00051
0.3550 1.13446 0.00011
0.3550 1.30900 0.00003
0.3550 1.48353 0.00002
0.3550 1.65806 0.00000
0.3550 1.83260 0.00001
0.3550 2.00713 0.00013
0.3550 2.18166 0.00046
0.3550 2.35619 0.00587
0.3550 2.53073 0.04609
0.3550 2.70526 0.24694
0.3550 2.87979 0.74308
0.3550 3.05433 1.05069
0.3550 3.22886 0.65022
0.3550 3.40339 0.17579
0.3550 3.57792 0.02312
0.3550 3.75246 0.00162
0.3550 3.92699 0.00006
0.3550 4.10152 0.00001
0.3550 4.27606 0.00002
0.3550 4.45059 0.00000
0.3550 4.62512 0.00000
0.3550 4.79966 0.00000
0.3550 4.97419 0.00000
0.3550 5.14872 0.00000
0.3550 5.32325 0.00000
0.3550 5.49779 0.00011
0.3550 5.67232 0.00152
0.3550 5.84685 0.02232
0.3550 6.02139 0.16690
0.3550 6.19592 0.61339

0.3650 0.08727 1.00296
0.3650 0.26180 0.70541
0.3650 0.43633 0.23529
0.3650 0.61087 0.04168
0.3650 0.78540 0.00509
0.3650 0.95993 0.00057
0.3650 1.13446 0.00010
0.3650 1.30900 0.00004
0.3650 1.48353 0.00002
0.3650 1.65806 0.00003
0.3650 1.83260 0.00000
0.3650 2.00713 0.00003
0.3650 2.18166 0.00054
0.3650 2.35619 0.00515
0.3650 2.53073 0.04516
0.3650 2.70526 0.24952
0.3650 2.87979 0.73946
0.3650 3.05433 1.05091
0.3650 3.22886 0.64298
0.3650 3.40339 0.17718
0.3650 3.57792 0.02295
0.3650 3.75246 0.00166
0.3650 3.92699 0.00004
0.3650 4.10152 0.00002
0.3650 4.27606 0.00000
0.3650 4.45059 0.00000
0.3650 4.62512 0.00000
0.3650 4.79966 0.00000
0.3650 4.97419 0.00000
0.3650 5.14872 0.00001
0.3650 5.32325 0.00001
0.3650 5.49779 0.00006
0.3650 5.67232 0.00152
0.3650 5.84685 0.02140
0.3650 6.02139 0.16504
0.3650 6.19592 0.61474

0.3750 0.08727 1.00218
0.3750 0.26180 0.71074
0.3750 0.43633 0.23605
0.3750 0.61087 0.04110
0.3750 0.78540 0.00507
0.3750 0.95993 0.00062
0.3750 1.13446 0.00004
0.3750 1.30900 0.00003
0.3750 1.48353 0.00003
0.3750 1.65806 0.00003
0.3750 1.83260 0.00002
0.3750 2.00713 0.00016
0.3750 2.18166 0.00064
0.3750 2.35619 0.00571
0.3750 2.53073 0.04492
0.3750 2.70526 0.24558
0.3750 2.87979 0.73554
0.3750 3.05433 1.05234
0.3750 3.22886 0.64433
0.3750 3.40339 0.17490
0.3750 3.57792 0.02229
0.3750 3.75246 0.00187
0.3750 3.92699 0.00009
0.3750 4.10152 0.00000
0.3750 4.27606 0.00002
0.3750 4.45059 0.00000
0.3750 4.62512 0.00000
0.3750 4.79966 0.00000
0.3750 4.97419 0.00001
0.3750 5.14872 0.00000
0.3750 5.32325 0.00000
0.3750 5.49779 0.00015
0.3750 5.67232 0.00154
0.3750 5.84685 0.02123
0.3750 6.02139 0.16390
0.3750 6.19592 0.61845

0.3850 0.08727 0.99752
0.3850 0.26180 0.71231
0.3850 0.43633 0.23846
0.3850 0.61087 0.04273
0.3850 0.78540 0.00509
0.3850 0.95993 0.00062
0.3850 1.13446 0.00010
0.3850 1.30900 0.00002
0.3850 1.48353 0.00000
0.3850 1.65806 0.00002
0.3850 1.83260 0.00001
0.3850 2.00713 0.00013
0.3850 2.18166 0.00079
0.3850 2.35619 0.00544
0.3850 2.53073 0.04453
0.3850 2.70526 0.24571
0.3850 2.87979 0.73905
0.3850 3.05433 1.04733
0.3850 3.22886 0.64343
0.3850 3.40339 0.17536
0.3850 3.57792 0.02233
0.3850 3.75246 0.00191
0.3850 3.92699 0.00010
0.3850 4.10152 0.00000
0.3850 4.27606 0.00001
0.3850 4.45059 0.00001
0.3850 4.62512 0.00000
0.3850 4.79966 0.00000
0.3850 4.97419 0.00000
0.3850 5.14872 0.00000
0.3850 5.32325 0.00001
0.3850 5.49779 0.00008
0.3850 5.67232 0.00168
0.3850 5.84685 0.02189
0.3850 6.02139 0.16460
0.3850 6.19592 0.61831

0.3950 0.08727 1.00035
0.3950 0.26180 0.71117
0.3950 0.43633 0.23787
0.3950 0.61087 0.04250
0.3950 0.78540 0.00516
0.3950 0.95993 0.00062
0.3950 1.13446 0.00012
0.3950 1.30900 0.00002
0.3950 1.48353 0.00000
0.3950 1.65806 0.00000
0.3950 1.83260 0.00002
0.3950 2.00713 0.00013
0.3950 2.18166 0.00051
0.3950 2.35619 0.00568
0.3950 2.53073 0.04470
0.3950 2.70526 0.24363
0.3950 2.87979 0.73530
0.3950 3.05433 1.04582
0.3950 3.22886 0.64371
0.3950 3.40339 0.17439
0.3950 3.57792 0.02276
0.3950 3.75246 0.00160
0.3950 3.92699 0.00009
0.3950 4.10152 0.00001
0.3950 4.27606 0.00000
0.3950 4.45059 0.00000
0.3950 4.62512 0.00000
0.3950 4.79966 0.00000
0.3950 4.97419 0.00000
0.3950 5.14872 0.00000
0.3950 5.32325 0.00001
0.3950 5.49779 0.00005
0.3950 5.67232 0.00159
0.3950 5.84685 0.02158
0.3950 6.02139 0.16990
0.3950 6.19592 0.62030

0.4050 0.08727 1.01003
0.4050 0.26180 0.71837
0.4050 0.43633 0.23874
0.4050 0.61087 0.04419
0.4050 0.78540 0.00533
0.4050 0.95993 0.00046
0.4050 1.13446 0.00005
0.4050 1.30900 0.00000
0.4050 1.48353 0.00002
0.4050 1.65806 0.00003
0.4050 1.83260 0.00003
0.4050 2.00713 0.00008
0.4050 2.18166 0.00080
0.4050 2.35619 0.00561
0.4050 2.53073 0.04190
0.4050 2.70526 0.24499
0.4050 2.87979 0.73620
0.4050 3.05433 1.03982
0.4050 3.22886 0.63932
0.4050 3.40339 0.17320
0.4050 3.57792 0.02230
0.4050 3.75246 0.00184
0.4050 3.92699 0.00007
0.4050 4.10152 0.00001
0.4050 4.27606 0.00001
0.4050 4.45059 0.00001
0.4050 4.62512 0.00000
0.4050 4.79966 0.00001
0.4050 4.97419 0.00000
0.4050 5.14872 0.00002
0.4050 5.32325 0.00001
0.4050 5.49779 0.00007
0.4050 5.67232 0.00163
0.4050 5.84685 0.02149
0.4050 6.02139 0.16668
0.4050 6.19592 0.61629

0.4150 0.08727 1.01648
0.4150 0.26180 0.71764
0.4150 0.43633 0.23912
0.4150 0.61087 0.04292
0.4150 0.78540 0.00539
0.4150 0.95993 0.00067
0.4150 1.13446 0.00010
0.4150 1.30900 0.00001
0.4150 1.48353 0.00000
0.4150 1.65806 0.00001
0.4150 1.83260 0.00001
0.4150 2.00713 0.00008
0.4150 2.18166 0.00059
0.4150 2.35619 0.00501
0.4150 2.53073 0.04205
0.4150 2.70526 0.24637
0.4150 2.87979 0.73424
0.4150 3.05433 1.03216
0.4150 3.22886 0.64155
0.4150 3.40339 0.17034
0.4150 3.57792 0.02264
0.4150 3.75246 0.00178
0.4150 3.92699 0.00007
0.4150 4.10152 0.00000
0.4150 4.27606 0.00000
0.4150 4.45059 0.00001
0.4150 4.62512 0.00000
0.4150 4.79966 0.00000
0.4150 4.97419 0.00000
0.4150 5.14872 0.00000
0.4150 5.32325 0.00000
0.4150 5.49779 0.00006
0.4150 5.67232 0.00164
0.4150 5.84685 0.02258
0.4150 6.02139 0.16605
0.4150 6.19592 0.62001

0.4250 0.08727 1.01418
0.4250 0.26180 0.71943
0.4250 0.43633 0.23808
0.4250 0.61087 0.04308
0.4250 0.78540 0.00526
0.4250 0.95993 0.00062
0.4250 1.13446 0.00010
0.4250 1.30900 0.00000
0.4250 1.48353 0.00000
0.4250 1.65806 0.00001
0.4250 1.83260 0.00000
0.4250 2.00713 0.00006
0.4250 2.18166 0.00065
0.4250 2.35619 0.00579
0.4250 2.53073 0.04341
0.4250 2.70526 0.24181
0.4250 2.87979 0.72839
0.4250 3.05433 1.03619
0.4250 3.22886 0.63805
0.4250 3.40339 0.17364
0.4250 3.57792 0.02304
0.4250 3.75246 0.00192
0.4250 3.92699 0.00017
0.4250 4.10152 0.00002
0.4250 4.27606 0.00000
0.4250 4.45059 0.00000
0.4250 4.62512 0.00000
0.4250 4.79966 0.00000
0.4250 4.97419 0.00000
0.4250 5.14872 0.00000
0.4250 5.32325 0.00001
0.4250 5.49779 0.00011
0.4250 5.67232 0.00146
0.4250 5.84685 0.02260
0.4250 6.02139 0.16724
0.4250 6.19592 0.62425

0.4350 0.08727 1.01206
0.4350 0.26180 0.71711
0.4350 0.43633 0.23755
0.4350 0.61087 0.04208
0.4350 0.78540 0.00505
0.4350 0.95993 0.00063
0.4350 1.13446 0.00014
0.4350 1.30900 0.00004
0.4350 1.48353 0.00002
0.4350 1.65806 0.00002
0.4350 1.83260 0.00001
0.4350 2.00713 0.00007
0.4350 2.18166 0.00047
0.4350 2.35619 0.00508
0.4350 2.53073 0.04320
0.4350 2.70526 0.24179
0.4350 2.87979 0.73056
0.4350 3.05433 1.03548
0.4350 3.22886 0.64428
0.4350 3.40339 0.17252
0.4350 3.57792 0.02249
0.4350 3.75246 0.00155
0.4350 3.92699 0.00014
0.4350 4.10152 0.00001
0.4350 4.27606 0.00000
0.4350 4.45059 0.00001
0.4350 4.62512 0.00000
0.4350 4.79966 0.00001
0.4350 4.97419 0.00000
0.4350 5.14872 0.00000
0.4350 5.32325 0.00001
0.4350 5.49779 0.00009
0.4350 5.67232 0.00177
0.4350 5.84685 0.02184
0.4350 6.02139 0.16939
0.4350 6.19592 0.62411

0.4450 0.08727 1.00862
0.4450 0.26180 0.71152
0.4450 0.43633 0.23931
0.4450 0.61087 0.04312
0.4450 0.78540 0.00517
0.4450 0.95993 0.00044
0.4450 1.13446 0.00012
0.4450 1.30900 0.00001
0.4450 1.48353 0.00003
0.4450 1.65806 0.00003
0.4450 1.83260 0.00003
0.4450 2.00713 0.00008
0.4450 2.18166 0.00061
0.4450 2.35619 0.00527
0.4450 2.53073 0.04335
0.4450 2.70526 0.24354
0.4450 2.87979 0.73896
0.4450 3.05433 1.03883
0.4450 3.22886 0.64000
0.4450 3.40339 0.17328
0.4450 3.57792 0.02340
0.4450 3.75246 0.00189
0.4450 3.92699 0.00012
0.4450 4.10152 0.00001
0.4450 4.27606 0.00001
0.4450 4.45059 0.00000
0.4450 4.62512 0.00000
0.4450 4.79966 0.00001
0.4450 4.97419 0.00000
0.4450 5.14872 0.00000
0.4450 5.32325 0.00003
0.4450 5.49779 0.00009
0.4450 5.67232 0.00162
0.4450 5.84685 0.02155
0.4450 6.02139 0.16659
0.4450 6.19592 0.62196

0.4550 0.08727 1.00004
0.4550 0.26180 0.71341
0.4550 0.43633 0.23675
0.4550 0.61087 0.04328
0.4550 0.78540 0.00512
0.4550 0.95993 0.00057
0.4550 1.13446 0.00012
0.4550 1.30900 0.00002
0.4550 1.48353 0.00000
0.4550 1.65806 0.00003
0.4550 1.83260 0.00003
0.4550 2.00713 0.00008
0.4550 2.18166 0.00059
0.4550 2.35619 0.00504
0.4550 2.53073 0.04400
0.4550 2.70526 0.24373
0.4550 2.87979 0.74041
0.4550 3.05433 1.04483
0.4550 3.22886 0.64704
0.4550 3.40339 0.17475
0.4550 3.57792 0.02311
0.4550 3.75246 0.00150
0.4550 3.92699 0.00013
0.4550 4.10152 0.00001
0.4550 4.27606 0.00000
0.4550 4.45059 0.00000
0.4550 4.62512 0.00000
0.4550 4.79966 0.00000
0.4550 4.97419 0.00000
0.4550 5.14872 0.00000
0.4550 5.32325 0.00000
0.4550 5.49779 0.00009
0.4550 5.67232 0.00184
0.4550 5.84685 0.02096
0.4550 6.02139 0.16544
0.4550 6.19592 0.61667

0.4650 0.08727 1.00325
0.4650 0.26180 0.71758
0.4650 0.43633 0.23807
0.4650 0.61087 0.04258
0.4650 0.78540 0.00533
0.4650 0.95993 0.00061
0.4650 1.13446 0.00010
0.4650 1.30900 0.00003
0.4650 1.48353 0.00004
0.4650 1.65806 0.00003
0.4650 1.83260 0.00005
0.4650 2.00713 0.00013
0.4650 2.18166 0.00056
0.4650 2.35619 0.00541
0.4650 2.53073 0.04388
0.4650 2.70526 0.24400
0.4650 2.87979 0.73690
0.4650 3.05433 1.04376
0.4650 3.22886 0.64329
0.4650 3.40339 0.17279
0.4650 3.57792 0.02237
0.4650 3.75246 0.00172
0.4650 3.92699 0.00011
0.4650 4.10152 0.00000
0.4650 4.27606 0.00000
0.4650 4.45059 0.00000
0.4650 4.62512 0.00000
0.4650 4.79966 0.00000
0.4650 4.97419 0.00000
0.4650 5.14872 0.00000
0.4650 5.32325 0.00001
0.4650 5.49779 0.00007
0.4650 5.67232 0.00155
0.4650 5.84685 0.02145
0.4650 6.02139 0.16613
0.4650 6.19592 0.61779

0.4750 0.08727 1.00644
0.4750 0.26180 0.71463
0.4750 0.43633 0.23765
0.4750 0.61087 0.04345
0.4750 0.78540 0.00539
0.4750 0.95993 0.00063
0.4750 1.13446 0.00011
0.4750 1.30900 0.00003
0.4750 1.48353 0.00001
0.4750 1.65806 0.00003
0.4750 1.83260 0.00005
0.4750 2.00713 0.00017
0.4750 2.18166 0.00073
0.4750 2.35619 0.00553
0.4750 2.53073 0.04462
0.4750 2.70526 0.24533
0.4750 2.87979 0.73434
0.4750 3.05433 1.03791
0.4750 3.22886 0.64227
0.4750 3.40339 0.17291
0.4750 3.57792 0.02226
0.4750 3.75246 0.00154
0.4750 3.92699 0.00015
0.4750 4.10152 0.00001
0.4750 4.27606 0.00000
0.4750 4.45059 0.00000
0.4750 4.62512 0.00000
0.4750 4.79966 0.00000
0.4750 4.97419 0.00000
0.4750 5.14872 0.00002
0.4750 5.32325 0.00002
0.4750 5.49779 0.00015
0.4750 5.67232 0.00159
0.4750 5.84685 0.02217
0.4750 6.02139 0.16886
0.4750 6.19592 0.62060

0.4850 0.08727 1.00922
0.4850 0.26180 0.71491
0.4850 0.43633 0.23865
0.4850 0.61087 0.04274
0.4850 0.78540 0.00528
0.4850 0.95993 0.00071
0.4850 1.13446 0.00009
0.4850 1.30900 0.00001
0.4850 1.48353 0.00001
0.4850 1.65806 0.00002
0.4850 1.83260 0.00002
0.4850 2.00713 0.00006
0.4850 2.18166 0.00060
0.4850 2.35619 0.00524
0.4850 2.53073 0.04549
0.4850 2.70526 0.24506
0.4850 2.87979 0.73826
0.4850 3.05433 1.03338
0.4850 3.22886 0.63727
0.4850 3.40339 0.17346
0.4850 3.57792 0.02263
0.4850 3.75246 0.00155
0.4850 3.92699 0.00008
0.4850 4.10152 0.00000
0.4850 4.27606 0.00000
0.4850 4.45059 0.00001
0.4850 4.62512 0.00000
0.4850 4.79966 0.00000
0.4850 4.97419 0.00000
0.4850 5.14872 0.00001
0.4850 5.32325 0.00002
0.4850 5.49779 0.00011
0.4850 5.67232 0.00178
0.4850 5.84685 0.02222
0.4850 6.02139 0.16812
0.4850 6.19592 0.62260

0.4950 0.08727 1.01017
0.4950 0.26180 0.71576
0.4950 0.43633 0.24048
0.4950 0.61087 0.04219
0.4950 0.78540 0.00528
0.4950 0.95993 0.00051
0.4950 1.13446 0.00009
0.4950 1.30900 0.00001
0.4950 1.48353 0.00002
0.4950 1.65806 0.00000
0.4950 1.83260 0.00001
0.4950 2.00713 0.00009
0.4950 2.18166 0.00053
0.4950 2.35619 0.00535
0.4950 2.53073 0.04380
0.4950 2.70526 0.24545
0.4950 2.87979 0.73689
0.4950 3.05433 1.03874
0.4950 3.22886 0.63605
0.4950 3.40339 0.17378
0.4950 3.57792 0.02228
0.4950 3.75246 0.00160
0.4950 3.92699 0.00007
0.4950 4.10152 0.00001
0.4950 4.27606 0.00000
0.4950 4.45059 0.00001
0.4950 4.62512 0.00001
0.4950 4.79966 0.00000
0.4950 4.97419 0.00000
0.4950 5.14872 0.00000
0.4950 5.32325 0.00000
0.4950 5.49779 0.00009
0.4950 5.67232 0.00162
0.4950 5.84685 0.02159
0.4950 6.02139 0.16699
0.4950 6.19592 0.62013

0.5050 0.08727 1.00933
0.5050 0.26180 0.71488
0.5050 0.43633 0.23661
0.5050 0.61087 0.04192
0.5050 0.78540 0.00522
0.5050 0.95993 0.00055
0.5050 1.13446 0.00006
0.5050 1.30900 0.00002
0.5050 1.48353 0.00000
0.5050 1.65806 0.00000
0.5050 1.83260 0.00002
0.5050 2.00713 0.00002
0.5050 2.18166 0.00053
0.5050 2.35619 0.00536
0.5050 2.53073 0.04413
0.5050 2.70526 0.24553
0.5050 2.87979 0.73764
0.5050 3.05433 1.03936
0.5050 3.22886 0.64113
0.5050 3.40339 0.17407
0.5050 3.57792 0.02252
0.5050 3.75246 0.00157
0.5050 3.92699 0.00009
0.5050 4.10152 0.00001
0.5050 4.27606 0.00001
0.5050 4.45059 0.00001
0.5050 4.62512 0.00000
0.5050 4.79966 0.00000
0.5050 4.97419 0.00001
0.5050 5.14872 0.00000
0.5050 5.32325 0.00001
0.5050 5.49779 0.00006
0.5050 5.67232 0.00169
0.5050 5.84685 0.02161
0.5050 6.02139 0.16855
0.5050 6.19592 0.61710

0.5150 0.08727 1.00915
0.5150 0.26180 0.71235
0.5150 0.43633 0.23693
0.5150 0.61087 0.04294
0.5150 0.78540 0.00516
0.5150 0.95993 0.00052
0.5150 1.13446 0.00005
0.5150 1.30900 0.00002
0.5150 1.48353 0.00000
0.5150 1.65806 0.00000
0.5150 1.83260 0.00003
0.5150 2.00713 0.00007
0.5150 2.18166 0.00053
0.5150 2.35619 0.00540
0.5150 2.53073 0.04475
0.5150 2.70526 0.24339
0.5150 2.87979 0.73636
0.5150 3.05433 1.04264
0.5150 3.22886 0.63910
0.5150 3.40339 0.17492
0.5150 3.57792 0.02282
0.5150 3.75246 0.00155
0.5150 3.92699 0.00006
0.5150 4.10152 0.00001
0.5150 4.27606 0.00000
0.5150 4.45059 0.00000
0.5150 4.62512 0.00000
0.5150 4.79966 0.00000
0.5150 4.97419 0.00000
0.5150 5.14872 0.00000
0.5150 5.32325 0.00000
0.5150 5.49779 0.00006
0.5150 5.67232 0.00171
0.5150 5.84685 0.02207
0.5150 6.02139 0.16719
0.5150 6.19592 0.61977

0.5250 0.08727 1.00786
0.5250 0.26180 0.71148
0.5250 0.43633 0.23814
0.5250 0.61087 0.04317
0.5250 0.78540 0.00513
0.5250 0.95993 0.00056
0.5250 1.13446 0.00008
0.5250 1.30900 0.00002
0.5250 1.48353 0.00000
0.5250 1.65806 0.00004
0.5250 1.83260 0.00002
0.5250 2.00713 0.00008
0.5250 2.18166 0.00070
0.5250 2.35619 0.00565
0.5250 2.53073 0.04451
0.5250 2.70526 0.24530
0.5250 2.87979 0.74121
0.5250 3.05433 1.03641
0.5250 3.22886 0.63977
0.5250 3.40339 0.17377
0.5250 3.57792 0.02295
0.5250 3.75246 0.00186
0.5250 3.92699 0.00008
0.5250 4.10152 0.00000
0.5250 4.27606 0.00000
0.5250 4.45059 0.00000
0.5250 4.62512 0.00000
0.5250 4.79966 0.00000
0.5250 4.97419 0.00000
0.5250 5.14872 0.00000
0.5250 5.32325 0.00000
0.5250 5.49779 0.00009
0.5250 5.67232 0.00169
0.5250 5.84685 0.02247
0.5250 6.02139 0.16727
0.5250 6.19592 0.61926

0.5350 0.08727 1.00554
0.5350 0.26180 0.71182
0.5350 0.43633 0.23809
0.5350 0.61087 0.04303
0.5350 0.78540 0.00540
0.5350 0.95993 0.00055
0.5350 1.13446 0.00008
0.5350 1.30900 0.00003
0.5350 1.48353 0.00000
0.5350 1.65806 0.00001
0.5350 1.83260 0.00001
0.5350 2.00713 0.00010
0.5350 2.18166 0.00060
0.5350 2.35619 0.00542
0.5350 2.53073 0.04518
0.5350 2.70526 0.24424
0.5350 2.87979 0.73921
0.5350 3.05433 1.04104
0.5350 3.22886 0.63870
0.5350 3.40339 0.17525
0.5350 3.57792 0.02258
0.5350 3.75246 0.00177
0.5350 3.92699 0.00008
0.5350 4.10152 0.00000
0.5350 4.27606 0.00000
0.5350 4.45059 0.00000
0.5350 4.62512 0.00000
0.5350 4.79966 0.00000
0.5350 4.97419 0.00000
0.5350 5.14872 0.00000
0.5350 5.32325 0.00001
0.5350 5.49779 0.00009
0.5350 5.67232 0.00164
0.5350 5.84685 0.02157
0.5350 6.02139 0.16761
0.5350 6.19592 0.61994

0.5450 0.08727 1.00230
0.5450 0.26180 0.71032
0.5450 0.43633 0.23634
0.5450 0.61087 0.04233
0.5450 0.78540 0.00536
0.5450 0.95993 0.00062
0.5450 1.13446 0.00009
0.5450 1.30900 0.00003
0.5450 1.48353 0.00000
0.5450 1.65806 0.00002
0.5450 1.83260 0.00002
0.5450 2.00713 0.00012
0.5450 2.18166 0.00065
0.5450 2.35619 0.00543
0.5450 2.53073 0.04452
0.5450 2.70526 0.24609
0.5450 2.87979 0.73955
0.5450 3.05433 1.04249
0.5450 3.22886 0.64600
0.5450 3.40339 0.17413
0.5450 3.57792 0.02312
0.5450 3.75246 0.00165
0.5450 3.92699 0.00008
0.5450 4.10152 0.00000
0.5450 4.27606 0.00000
0.5450 4.45059 0.00000
0.5450 4.62512 0.00000
0.5450 4.79966 0.00000
0.5450 4.97419 0.00001
0.5450 5.14872 0.00001
0.5450 5.32325 0.00002
0.5450 5.49779 0.00009
0.5450 5.67232 0.00168
0.5450 5.84685 0.02181
0.5450 6.02139 0.16736
0.5450 6.19592 0.61732

0.5550 0.08727 0.99801
0.5550 0.26180 0.71023
0.5550 0.43633 0.23626
0.5550 0.61087 0.04414
0.5550 0.78540 0.00528
0.5550 0.95993 0.00057
0.5550 1.13446 0.00009
0.5550 1.30900 0.00002
0.5550 1.48353 0.00000
0.5550 1.65806 0.00002
0.5550 1.83260 0.00002
0.5550 2.00713 0.00009
0.5550 2.18166 0.00069
0.5550 2.35619 0.00579
0.5550 2.53073 0.04603
0.5550 2.70526 0.24849
0.5550 2.87979 0.74697
0.5550 3.05433 1.04064
0.5550 3.22886 0.64455
0.5550 3.40339 0.17436
0.5550 3.57792 0.02292
0.5550 3.75246 0.00162
0.5550 3.92699 0.00010
0.5550 4.10152 0.00001
0.5550 4.27606 0.00000
0.5550 4.45059 0.00000
0.5550 4.62512 0.00000
0.5550 4.79966 0.00000
0.5550 4.97419 0.00000
0.5550 5.14872 0.00000
0.5550 5.32325 0.00000
0.5550 5.49779 0.00009
0.5550 5.67232 0.00153
0.5550 5.84685 0.02151
0.5550 6.02139 0.16518
0.5550 6.19592 0.61437

0.5650 0.08727 0.99119
0.5650 0.26180 0.70802
0.5650 0.43633 0.23401
0.5650 0.61087 0.04359
0.5650 0.78540 0.00544
0.5650 0.95993 0.00065
0.5650 1.13446 0.00010
0.5650 1.30900 0.00002
0.5650 1.48353 0.00001
0.5650 1.65806 0.00001
0.5650 1.83260 0.00002
0.5650 2.00713 0.00010
0.5650 2.18166 0.00066
0.5650 2.35619 0.00590
0.5650 2.53073 0.04571
0.5650 2.70526 0.24982
0.5650 2.87979 0.74865
0.5650 3.05433 1.05185
0.5650 3.22886 0.64436
0.5650 3.40339 0.17463
0.5650 3.57792 0.02268
0.5650 3.75246 0.00181
0.5650 3.92699 0.00010
0.5650 4.10152 0.00000
0.5650 4.27606 0.00000
0.5650 4.45059 0.00000
0.5650 4.62512 0.00000
0.5650 4.79966 0.00000
0.5650 4.97419 0.00000
0.5650 5.14872 0.00000
0.5650 5.32325 0.00001
0.5650 5.49779 0.00008
0.5650 5.67232 0.00150
0.5650 5.84685 0.02124
0.5650 6.02139 0.16595
0.5650 6.19592 0.61145

0.5750 0.08727 0.98908
0.5750 0.26180 0.70958
0.5750 0.43633 0.23712
0.5750 0.61087 0.04275
0.5750 0.78540 0.00573
0.5750 0.95993 0.00062
0.5750 1.13446 0.00006
0.5750 1.30900 0.00001
0.5750 1.48353 0.00001
0.5750 1.65806 0.00002
0.5750 1.83260 0.00003
0.5750 2.00713 0.00007
0.5750 2.18166 0.00065
0.5750 2.35619 0.00565
0.5750 2.53073 0.04592
0.5750 2.70526 0.24939
0.5750 2.87979 0.74927
0.5750 3.05433 1.04883
0.5750 3.22886 0.64638
0.5750 3.40339 0.17654
0.5750 3.57792 0.02330
0.5750 3.75246 0.00193
0.5750 3.92699 0.00009
0.5750 4.10152 0.00000
0.5750 4.27606 0.00000
0.5750 4.45059 0.00000
0.5750 4.62512 0.00000
0.5750 4.79966 0.00000
0.5750 4.97419 0.00000
0.5750 5.14872 0.00000
0.5750 5.32325 0.00000
0.5750 5.49779 0.00008
0.5750 5.67232 0.00169
0.5750 5.84685 0.02218
0.5750 6.02139 0.16495
0.5750 6.19592 0.60763

0.5850 0.08727 0.98719
0.5850 0.26180 0.70141
0.5850 0.43633 0.23710
0.5850 0.61087 0.04399
0.5850 0.78540 0.00543
0.5850 0.95993 0.00065
0.5850 1.13446 0.00007
0.5850 1.30900 0.00003
0.5850 1.48353 0.00000
0.5850 1.65806 0.00001
0.5850 1.83260 0.00003
0.5850 2.00713 0.00009
0.5850 2.18166 0.00064
0.5850 2.35619 0.00593
0.5850 2.53073 0.04601
0.5850 2.70526 0.25259
0.5850 2.87979 0.75034
0.5850 3.05433 1.05490
0.5850 3.22886 0.64709
0.5850 3.40339 0.17583
0.5850 3.57792 0.02253
0.5850 3.75246 0.00170
0.5850 3.92699 0.00010
0.5850 4.10152 0.00001
0.5850 4.27606 0.00000
0.5850 4.45059 0.00000
0.5850 4.62512 0.00000
0.5850 4.79966 0.00000
0.5850 4.97419 0.00000
0.5850 5.14872 0.00000
0.5850 5.32325 0.00000
0.5850 5.49779 0.00008
0.5850 5.67232 0.00153
0.5850 5.84685 0.02168
0.5850 6.02139 0.16473
0.5850 6.19592 0.60789

0.5950 0.08727 0.97985
0.5950 0.26180 0.70475
0.5950 0.43633 0.23550
0.5950 0.61087 0.04343
0.5950 0.78540 0.00537
0.5950 0.95993 0.00067
0.5950 1.13446 0.00009
0.5950 1.30900 0.00001
0.5950 1.48353 0.00000
0.5950 1.65806 0.00003
0.5950 1.83260 0.00001
0.5950 2.00713 0.00008
0.5950 2.18166 0.00069
0.5950 2.35619 0.00596
0.5950 2.53073 0.04623
0.5950 2.70526 0.25425
0.5950 2.87979 0.75134
0.5950 3.05433 1.05293
0.5950 3.22886 0.65241
0.5950 3.40339 0.17670
0.5950 3.57792 0.02347
0.5950 3.75246 0.00171
0.5950 3.92699 0.00010
0.5950 4.10152 0.00002
0.5950 4.27606 0.00000
0.5950 4.45059 0.00000
0.5950 4.62512 0.00000
0.5950 4.79966 0.00000
0.5950 4.97419 0.00000
0.5950 5.14872 0.00000
0.5950 5.32325 0.00000
0.5950 5.49779 0.00008
0.5950 5.67232 0.00174
0.5950 5.84685 0.02172
0.5950 6.02139 0.16434
0.5950 6.19592 0.60610

0.6050 0.08727 0.97864
0.6050 0.26180 0.70239
0.6050 0.43633 0.23850
0.6050 0.61087 0.04463
0.6050 0.78540 0.00553
0.6050 0.95993 0.00068
0.6050 1.13446 0.00007
0.6050 1.30900 0.00002
0.6050 1.48353 0.00000
0.6050 1.65806 0.00002
0.6050 1.83260 0.00003
0.6050 2.00713 0.00009
0.6050 2.18166 0.00068
0.6050 2.35619 0.00572
0.6050 2.53073 0.04663
0.6050 2.70526 0.25092
0.6050 2.87979 0.75382
0.6050 3.05433 1.05534
0.6050 3.22886 0.65122
0.6050 3.40339 0.17654
0.6050 3.57792 0.02356
0.6050 3.75246 0.00192
0.6050 3.92699 0.00009
0.6050 4.10152 0.00001
0.6050 4.27606 0.00000
0.6050 4.45059 0.00000
0.6050 4.62512 0.00000
0.6050 4.79966 0.00000
0.6050 4.97419 0.00000
0.6050 5.14872 0.00000
0.6050 5.32325 0.00001
0.6050 5.49779 0.00010
0.6050 5.67232 0.00167
0.6050 5.84685 0.02210
0.6050 6.02139 0.16525
0.6050 6.19592 0.60338

0.6150 0.08727 0.98011
0.6150 0.26180 0.70172
0.6150 0.43633 0.23678
0.6150 0.61087 0.04408
0.6150 0.78540 0.00576
0.6150 0.95993 0.00075
0.6150 1.13446 0.00006
0.6150 1.30900 0.00004
0.6150 1.48353 0.00001
0.6150 1.65806 0.00000
0.6150 1.83260 0.00002
0.6150 2.00713 0.00007
0.6150 2.18166 0.00065
0.6150 2.35619 0.00581
0.6150 2.53073 0.04716
0.6150 2.70526 0.25484
0.6150 2.87979 0.75445
0.6150 3.05433 1.05432
0.6150 3.22886 0.64759
0.6150 3.40339 0.17841
0.6150 3.57792 0.02357
0.6150 3.75246 0.00191
0.6150 3.92699 0.00009
0.6150 4.10152 0.00001
0.6150 4.27606 0.00000
0.6150 4.45059 0.00000
0.6150 4.62512 0.00000
0.6150 4.79966 0.00000
0.6150 4.97419 0.00000
0.6150 5.14872 0.00000
0.6150 5.32325 0.00001
0.6150 5.49779 0.00008
0.6150 5.67232 0.00173
0.6150 5.84685 0.02164
0.6150 6.02139 0.16400
0.6150 6.19592 0.60392

0.6250 0.08727 0.97670
0.6250 0.26180 0.69854
0.6250 0.43633 0.23661
0.6250 0.61087 0.04523
0.6250 0.78540 0.00586
0.6250 0.95993 0.00073
0.6250 1.13446 0.00009
0.6250 1.30900 0.00001
0.6250 1.48353 0.00000
0.6250 1.65806 0.00000
0.6250 1.83260 0.00003
0.6250 2.00713 0.00010
0.6250 2.18166 0.00067
0.6250 2.35619 0.00611
0.6250 2.53073 0.04788
0.6250 2.70526 0.25658
0.6250 2.87979 0.75936
0.6250 3.05433 1.05977
0.6250 3.22886 0.64784
0.6250 3.40339 0.17668
0.6250 3.57792 0.02306
0.6250 3.75246 0.00187
0.6250 3.92699 0.00012
0.6250 4.10152 0.00001
0.6250 4.27606 0.00000
0.6250 4.45059 0.00001
0.6250 4.62512 0.00000
0.6250 4.79966 0.00000
0.6250 4.97419 0.00000
0.6250 5.14872 0.00000
0.6250 5.32325 0.00002
0.6250 5.49779 0.00006
0.6250 5.67232 0.00175
0.6250 5.84685 0.02140
0.6250 6.02139 0.16186
0.6250 6.19592 0.60062

0.6350 0.08727 0.97195
0.6350 0.26180 0.69987
0.6350 0.43633 0.23727
0.6350 0.61087 0.04500
0.6350 0.78540 0.00586
0.6350 0.95993 0.00074
0.6350 1.13446 0.00011
0.6350 1.30900 0.00001
0.6350 1.48353 0.00001
0.6350 1.65806 0.00001
0.6350 1.83260 0.00002
0.6350 2.00713 0.00013
0.6350 2.18166 0.00074
0.6350 2.35619 0.00624
0.6350 2.53073 0.04799
0.6350 2.70526 0.25825
0.6350 2.87979 0.75789
0.6350 3.05433 1.05754
0.6350 3.22886 0.65618
0.6350 3.40339 0.17815
0.6350 3.57792 0.02381
0.6350 3.75246 0.00182
0.6350 3.92699 0.00010
0.6350 4.10152 0.00002
0.6350 4.27606 0.00002
0.6350 4.45059 0.00000
0.6350 4.62512 0.00000
0.6350 4.79966 0.00000
0.6350 4.97419 0.00000
0.6350 5.14872 0.00000
0.6350 5.32325 0.00000
0.6350 5.49779 0.00009
0.6350 5.67232 0.00157
0.6350 5.84685 0.02082
0.6350 6.02139 0.16187
0.6350 6.19592 0.59546

0.6450 0.08727 0.97361
0.6450 0.26180 0.70179
0.6450 0.43633 0.23817
0.6450 0.61087 0.04455
0.6450 0.78540 0.00559
0.6450 0.95993 0.00067
0.6450 1.13446 0.00012
0.6450 1.30900 0.00004
0.6450 1.48353 0.00001
0.6450 1.65806 0.00001
0.6450 1.83260 0.00003
0.6450 2.00713 0.00011
0.6450 2.18166 0.00089
0.6450 2.35619 0.00639
0.6450 2.53073 0.04835
0.6450 2.70526 0.25667
0.6450 2.87979 0.75472
0.6450 3.05433 1.05674
0.6450 3.22886 0.65242
0.6450 3.40339 0.17717
0.6450 3.57792 0.02349
0.6450 3.75246 0.00197
0.6450 3.92699 0.00013
0.6450 4.10152 0.00001
0.6450 4.27606 0.00000
0.6450 4.45059 0.00000
0.6450 4.62512 0.00000
0.6450 4.79966 0.00000
0.6450 4.97419 0.00000
0.6450 5.14872 0.00001
0.6450 5.32325 0.00001
0.6450 5.49779 0.00011
0.6450 5.67232 0.00166
0.6450 5.84685 0.02189
0.6450 6.02139 0.16249
0.6450 6.19592 0.59973

0.6550 0.08727 0.97381
0.6550 0.26180 0.70365
0.6550 0.43633 0.24053
0.6550 0.61087 0.04514
0.6550 0.78540 0.00579
0.6550 0.95993 0.00070
0.6550 1.13446 0.00011
0.6550 1.30900 0.00005
0.6550 1.48353 0.00002
0.6550 1.65806 0.00001
0.6550 1.83260 0.00003
0.6550 2.00713 0.00014
0.6550 2.18166 0.00079
0.6550 2.35619 0.00622
0.6550 2.53073 0.04762
0.6550 2.70526 0.25843
0.6550 2.87979 0.75537
0.6550 3.05433 1.05190
0.6550 3.22886 0.64633
0.6550 3.40339 0.17897
0.6550 3.57792 0.02392
0.6550 3.75246 0.00193
0.6550 3.92699 0.00014
0.6550 4.10152 0.00000
0.6550 4.27606 0.00001
0.6550 4.45059 0.00001
0.6550 4.62512 0.00000
0.6550 4.79966 0.00000
0.6550 4.97419 0.00000
0.6550 5.14872 0.00000
0.6550 5.32325 0.00001
0.6550 5.49779 0.00014
0.6550 5.67232 0.00175
0.6550 5.84685 0.02198
0.6550 6.02139 0.16310
0.6550 6.19592 0.60100

0.6650 0.08727 0.97872
0.6650 0.26180 0.70416
0.6650 0.43633 0.24376
0.6650 0.61087 0.04611
0.6650 0.78540 0.00582
0.6650 0.95993 0.00068
0.6650 1.13446 0.00006
0.6650 1.30900 0.00002
0.6650 1.48353 0.00002
0.6650 1.65806 0.00003
0.6650 1.83260 0.00003
0.6650 2.00713 0.00020
0.6650 2.18166 0.00076
0.6650 2.35619 0.00626
0.6650 2.53073 0.04929
0.6650 2.70526 0.25911
0.6650 2.87979 0.75342
0.6650 3.05433 1.03906
0.6650 3.22886 0.64475
0.6650 3.40339 0.17704
0.6650 3.57792 0.02419
0.6650 3.75246 0.00206
0.6650 3.92699 0.00010
0.6650 4.10152 0.00003
0.6650 4.27606 0.00001
0.6650 4.45059 0.00000
0.6650 4.62512 0.00000
0.6650 4.79966 0.00000
0.6650 4.97419 0.00000
0.6650 5.14872 0.00001
0.6650 5.32325 0.00002
0.6650 5.49779 0.00010
0.6650 5.67232 0.00173
0.6650 5.84685 0.02201
0.6650 6.02139 0.16661
0.6650 6.19592 0.60339

0.6750 0.08727 0.98044
0.6750 0.26180 0.70307
0.6750 0.43633 0.24549
0.6750 0.61087 0.04677
0.6750 0.78540 0.00614
0.6750 0.95993 0.00080
0.6750 1.13446 0.00009
0.6750 1.30900 0.00006
0.6750 1.48353 0.00003
0.6750 1.65806 0.00002
0.6750 1.83260 0.00007
0.6750 2.00713 0.00015
0.6750 2.18166 0.00065
0.6750 2.35619 0.00642
0.6750 2.53073 0.04889
0.6750 2.70526 0.25534
0.6750 2.87979 0.75234
0.6750 3.05433 1.04038
0.6750 3.22886 0.64157
0.6750 3.40339 0.17674
0.6750 3.57792 0.02423
0.6750 3.75246 0.00192
0.6750 3.92699 0.00013
0.6750 4.10152 0.00001
0.6750 4.27606 0.00001
0.6750 4.45059 0.00001
0.6750 4.62512 0.00000
0.6750 4.79966 0.00000
0.6750 4.97419 0.00001
0.6750 5.14872 0.00002
0.6750 5.32325 0.00001
0.6750 5.49779 0.00016
0.6750 5.67232 0.00184
0.6750 5.84685 0.02191
0.6750 6.02139 0.16746
0.6750 6.19592 0.60640

0.6850 0.08727 0.98506
0.6850 0.26180 0.71146
0.6850 0.43633 0.24531
0.6850 0.61087 0.04612
0.6850 0.78540 0.00674
0.6850 0.95993 0.00087
0.6850 1.13446 0.00012
0.6850 1.30900 0.00006
0.6850 1.48353 0.00003
0.6850 1.65806 0.00002
0.6850 1.83260 0.00004
0.6850 2.00713 0.00008
0.6850 2.18166 0.00081
0.6850 2.35619 0.00663
0.6850 2.53073 0.04894
0.6850 2.70526 0.25947
0.6850 2.87979 0.74946
0.6850 3.05433 1.03149
0.6850 3.22886 0.63818
0.6850 3.40339 0.17616
0.6850 3.57792 0.02445
0.6850 3.75246 0.00197
0.6850 3.92699 0.00010
0.6850 4.10152 0.00001
0.6850 4.27606 0.00000
0.6850 4.45059 0.00000
0.6850 4.62512 0.00001
0.6850 4.79966 0.00000
0.6850 4.97419 0.00000
0.6850 5.14872 0.00000
0.6850 5.32325 0.00000
0.6850 5.49779 0.00016
0.6850 5.67232 0.00190
0.6850 5.84685 0.02269
0.6850 6.02139 0.16579
0.6850 6.19592 0.60545

0.6950 0.08727 0.98918
0.6950 0.26180 0.71548
0.6950 0.43633 0.24784
0.6950 0.61087 0.04856
0.6950 0.78540 0.00670
0.6950 0.95993 0.00080
0.6950 1.13446 0.00009
0.6950 1.30900 0.00002
0.6950 1.48353 0.00003
0.6950 1.65806 0.00002
0.6950 1.83260 0.00009
0.6950 2.00713 0.00017
0.6950 2.18166 0.00091
0.6950 2.35619 0.00683
0.6950 2.53073 0.05044
0.6950 2.70526 0.25976
0.6950 2.87979 0.74345
0.6950 3.05433 1.02276
0.6950 3.22886 0.63448
0.6950 3.40339 0.17470
0.6950 3.57792 0.02417
0.6950 3.75246 0.00194
0.6950 3.92699 0.00008
0.6950 4.10152 0.00000
0.6950 4.27606 0.00001
0.6950 4.45059 0.00000
0.6950 4.62512 0.00000
0.6950 4.79966 0.00000
0.6950 4.97419 0.00000
0.6950 5.14872 0.00000
0.6950 5.32325 0.00000
0.6950 5.49779 0.00012
0.6950 5.67232 0.00176
0.6950 5.84685 0.02273
0.6950 6.02139 0.16683
0.6950 6.19592 0.60964

0.7050 0.08727 0.99210
0.7050 0.26180 0.72252
0.7050 0.43633 0.25271
0.7050 0.61087 0.05091
0.7050 0.78540 0.00735
0.7050 0.95993 0.00106
0.7050 1.13446 0.00009
0.7050 1.30900 0.00006
0.7050 1.48353 0.00007
0.7050 1.65806 0.00002
0.7050 1.83260 0.00002
0.7050 2.00713 0.00020
0.7050 2.18166 0.00101
0.7050 2.35619 0.00715
0.7050 2.53073 0.05046
0.7050 2.70526 0.26043
0.7050 2.87979 0.74054
0.7050 3.05433 1.00864
0.7050 3.22886 0.62920
0.7050 3.40339 0.17202
0.7050 3.57792 0.02374
0.7050 3.75246 0.00207
0.7050 3.92699 0.00010
0.7050 4.10152 0.00000
0.7050 4.27606 0.00000
0.7050 4.45059 0.00000
0.7050 4.62512 0.00000
0.7050 4.79966 0.00001
0.7050 4.97419 0.00000
0.7050 5.14872 0.00001
0.7050 5.32325 0.00002
0.7050 5.49779 0.00019
0.7050 5.67232 0.00191
0.7050 5.84685 0.02318
0.7050 6.02139 0.17105
0.7050 6.19592 0.61073

0.7150 0.08727 0.98488
0.7150 0.26180 0.71650
0.7150 0.43633 0.25647
0.7150 0.61087 0.05021
0.7150 0.78540 0.00711
0.7150 0.95993 0.00117
0.7150 1.13446 0.00021
0.7150 1.30900 0.00004
0.7150 1.48353 0.00000
0.7150 1.65806 0.00003
0.7150 1.83260 0.00007
0.7150 2.00713 0.00018
0.7150 2.18166 0.00097
0.7150 2.35619 0.00743
0.7150 2.53073 0.05234
0.7150 2.70526 0.26153
0.7150 2.87979 0.74155
0.7150 3.05433 1.01137
0.7150 3.22886 0.62721
0.7150 3.40339 0.17546
0.7150 3.57792 0.02453
0.7150 3.75246 0.00206
0.7150 3.92699 0.00021
0.7150 4.10152 0.00005
0.7150 4.27606 0.00010
0.7150 4.45059 0.00003
0.7150 4.62512 0.00001
0.7150 4.79966 0.00000
0.7150 4.97419 0.00001
0.7150 5.14872 0.00005
0.7150 5.32325 0.00007
0.7150 5.49779 0.00022
0.7150 5.67232 0.00248
0.7150 5.84685 0.02461
0.7150 6.02139 0.17066
0.7150 6.19592 0.60976

0.7250 0.08727 0.96535
0.7250 0.26180 0.71031
0.7250 0.43633 0.25449
0.7250 0.61087 0.05361
0.7250 0.78540 0.00807
0.7250 0.95993 0.00136
0.7250 1.13446 0.00028
0.7250 1.30900 0.00021
0.7250 1.48353 0.00012
0.7250 1.65806 0.00007
0.7250 1.83260 0.00012
0.7250 2.00713 0.00021
0.7250 2.18166 0.00149
0.7250 2.35619 0.00886
0.7250 2.53073 0.05740
0.7250 2.70526 0.27318
0.7250 2.87979 0.74312
0.7250 3.05433 1.01369
0.7250 3.22886 0.62836
0.7250 3.40339 0.17978
0.7250 3.57792 0.02668
0.7250 3.75246 0.00292
0.7250 3.92699 0.00031
0.7250 4.10152 0.00021
0.7250 4.27606 0.00012
0.7250 4.45059 0.00010
0.7250 4.62512 0.00007
0.7250 4.79966 0.00003
0.7250 4.97419 0.00007
0.7250 5.14872 0.00005
0.7250 5.32325 0.00009
0.7250 5.49779 0.00043
0.7250 5.67232 0.00264
0.7250 5.84685 0.02453
0.7250 6.02139 0.17328
0.7250 6.19592 0.59797

0.7350 0.08727 0.95347
0.7350 0.26180 0.69943
0.7350 0.43633 0.26064
0.7350 0.61087 0.05962
0.7350 0.78540 0.01090
0.7350 0.95993 0.00246
0.7350 1.13446 0.00097
0.7350 1.30900 0.00074
0.7350 1.48353 0.00055
0.7350 1.65806 0.00055
0.7350 1.83260 0.00067
0.7350 2.00713 0.00112
0.7350 2.18166 0.00271
0.7350 2.35619 0.01259
0.7350 2.53073 0.06186
0.7350 2.70526 0.27591
0.7350 2.87979 0.74759
0.7350 3.05433 1.00535
0.7350 3.22886 0.61767
0.7350 3.40339 0.18327
0.7350 3.57792 0.03078
0.7350 3.75246 0.00491
0.7350 3.92699 0.00112
0.7350 4.10152 0.00089
0.7350 4.27606 0.00050
0.7350 4.45059 0.00037
0.7350 4.62512 0.00030
0.7350 4.79966 0.00025
0.7350 4.97419 0.00027
0.7350 5.14872 0.00065
0.7350 5.32325 0.00092
0.7350 5.49779 0.00154
0.7350 5.67232 0.00385
0.7350 5.84685 0.02733
0.7350 6.02139 0.17267
0.7350 6.19592 0.58520

0.7450 0.08727 0.90751
0.7450 0.26180 0.68726
0.7450 0.43633 0.26322
0.7450 0.61087 0.06782
0.7450 0.78540 0.01613
0.7450 0.95993 0.00668
0.7450 1.13446 0.00336
0.7450 1.30900 0.00281
0.7450 1.48353 0.00223
0.7450 1.65806 0.00223
0.7450 1.83260 0.00258
0.7450 2.00713 0.00355
0.7450 2.18166 0.00691
0.7450 2.35619 0.01809
0.7450 2.53073 0.07297
0.7450 2.70526 0.28998
0.7450 2.87979 0.74246
0.7450 3.05433 0.98158
0.7450 3.22886 0.60757
0.7450 3.40339 0.18935
0.7450 3.57792 0.03625
0.7450 3.75246 0.00981
0.7450 3.92699 0.00313
0.7450 4.10152 0.00289
0.7450 4.27606 0.00207
0.7450 4.45059 0.00176
0.7450 4.62512 0.00145
0.7450 4.79966 0.00121
0.7450 4.97419 0.00188
0.7450 5.14872 0.00176
0.7450 5.32325 0.00195
0.7450 5.49779 0.00371
0.7450 5.67232 0.00797
0.7450 5.84685 0.03238
0.7450 6.02139 0.17587
0.7450 6.19592 0.57120

0.7550 0.08727 0.88754
0.7550 0.26180 0.66087
0.7550 0.43633 0.27321
0.7550 0.61087 0.07646
0.7550 0.78540 0.02637
0.7550 0.95993 0.01538
0.7550 1.13446 0.00974
0.7550 1.30900 0.00877
0.7550 1.48353 0.00904
0.7550 1.65806 0.00870
0.7550 1.83260 0.01044
0.7550 2.00713 0.01252
0.7550 2.18166 0.01433
0.7550 2.35619 0.03082
0.7550 2.53073 0.08926
0.7550 2.70526 0.29137
0.7550 2.87979 0.71110
0.7550 3.05433 0.94382
0.7550 3.22886 0.58935
0.7550 3.40339 0.18965
0.7550 3.57792 0.04084
0.7550 3.75246 0.01294
0.7550 3.92699 0.00751
0.7550 4.10152 0.00543
0.7550 4.27606 0.00466
0.7550 4.45059 0.00445
0.7550 4.62512 0.00431
0.7550 4.79966 0.00383
0.7550 4.97419 0.00459
0.7550 5.14872 0.00459
0.7550 5.32325 0.00417
0.7550 5.49779 0.00598
0.7550 5.67232 0.01190
0.7550 5.84685 0.04181
0.7550 6.02139 0.17164
0.7550 6.19592 0.54218

0.7650 0.08727 0.88948
0.7650 0.26180 0.65869
0.7650 0.43633 0.26054
0.7650 0.61087 0.07488
0.7650 0.78540 0.02640
0.7650 0.95993 0.01453
0.7650 1.13446 0.01369
0.7650 1.30900 0.01313
0.7650 1.48353 0.01090
0.7650 1.65806 0.01313
0.7650 1.83260 0.01271
0.7650 2.00713 0.01034
0.7650 2.18166 0.01662
0.7650 2.35619 0.02948
0.7650 2.53073 0.07963
0.7650 2.70526 0.28918
0.7650 2.87979 0.71220
0.7650 3.05433 0.95248
0.7650 3.22886 0.58311
0.7650 3.40339 0.18483
0.7650 3.57792 0.04009
0.7650 3.75246 0.01257
0.7650 3.92699 0.00740
0.7650 4.10152 0.00712
0.7650 4.27606 0.00587
0.7650 4.45059 0.00489
0.7650 4.62512 0.00754
0.7650 4.79966 0.00671
0.7650 4.97419 0.00433
0.7650 5.14872 0.00531
0.7650 5.32325 0.00587
0.7650 5.49779 0.00810
0.7650 5.67232 0.01327
0.7650 5.84685 0.03367
0.7650 6.02139 0.17547
0.7650 6.19592 0.54539

0.7750 0.08727 0.96185
0.7750 0.26180 0.66320
0.7750 0.43633 0.23560
0.7750 0.61087 0.05086
0.7750 0.78540 0.01090
0.7750 0.95993 0.00597
0.7750 1.13446 0.00234
0.7750 1.30900 0.00234
0.7750 1.48353 0.00052
0.7750 1.65806 0.00078
0.7750 1.83260 0.00078
0.7750 2.00713 0.00337
0.7750 2.18166 0.00519
0.7750 2.35619 0.01635
0.7750 2.53073 0.05942
0.7750 2.70526 0.25739
0.7750 2.87979 0.71976
0.7750 3.05433 1.04566
0.7750 3.22886 0.63284
0.7750 3.40339 0.17825
0.7750 3.57792 0.03166
0.7750 3.75246 0.00804
0.7750 3.92699 0.00389
0.7750 4.10152 0.00285
0.7750 4.27606 0.00182
0.7750 4.45059 0.00078
0.7750 4.62512 0.00156
0.7750 4.79966 0.00000
0.7750 4.97419 0.00026
0.7750 5.14872 0.00130
0.7750 5.32325 0.00311
0.7750 5.49779 0.00441
0.7750 5.67232 0.00675
0.7750 5.84685 0.03166
0.7750 6.02139 0.16632
0.7750 6.19592 0.61183

0.7850 0.08727 1.00350
0.7850 0.26180 0.68601
0.7850 0.43633 0.20837
0.7850 0.61087 0.02393
0.7850 0.78540 0.00352
0.7850 0.95993 0.00141
0.7850 1.13446 0.00035
0.7850 1.30900 0.00035
0.7850 1.48353 0.00000
0.7850 1.65806 0.00000
0.7850 1.83260 0.00000
0.7850 2.00713 0.00035
0.7850 2.18166 0.00000
0.7850 2.35619 0.00422
0.7850 2.53073 0.02745
0.7850 2.70526 0.18972
0.7850 2.87979 0.72051
0.7850 3.05433 1.12107
0.7850 3.22886 0.69693
0.7850 3.40339 0.16966
0.7850 3.57792 0.02217
0.7850 3.75246 0.00246
0.7850 3.92699 0.00141
0.7850 4.10152 0.00106
0.7850 4.27606 0.00035
0.7850 4.45059 0.00000
0.7850 4.62512 0.00000
0.7850 4.79966 0.00000
0.7850 4.97419 0.00000
0.7850 5.14872 0.00000
0.7850 5.32325 0.00106
0.7850 5.49779 0.00035
0.7850 5.67232 0.00317
0.7850 5.84685 0.02253
0.7850 6.02139 0.18022
0.7850 6.19592 0.63744

0.7950 0.08727 1.01539
0.7950 0.26180 0.70931
0.7950 0.43633 0.19547
0.7950 0.61087 0.02101
0.7950 0.78540 0.00000
0.7950 0.95993 0.00000
0.7950 1.13446 0.00000
0.7950 1.30900 0.00000
0.7950 1.48353 0.00040
0.7950 1.65806 0.00000
0.7950 1.83260 0.00000
0.7950 2.00713 0.00000
0.7950 2.18166 0.00000
0.7950 2.35619 0.00000
0.7950 2.53073 0.01308
0.7950 2.70526 0.17961
0.7950 2.87979 0.71248
0.7950 3.05433 1.10777
0.7950 3.22886 0.68473
0.7950 3.40339 0.17881
0.7950 3.57792 0.01784
0.7950 3.75246 0.00040
0.7950 3.92699 0.00000
0.7950 4.10152 0.00000
0.7950 4.27606 0.00000
0.7950 4.45059 0.00000
0.7950 4.62512 0.00000
0.7950 4.79966 0.00000
0.7950 4.97419 0.00000
0.7950 5.14872 0.00000
0.7950 5.32325 0.00040
0.7950 5.49779 0.00000
0.7950 5.67232 0.00159
0.7950 5.84685 0.02617
0.7950 6.02139 0.18278
0.7950 6.19592 0.68235

0.8050 0.08727 1.11553
0.8050 0.26180 0.73132
0.8050 0.43633 0.19961
0.8050 0.61087 0.01722
0.8050 0.78540 0.00044
0.8050 0.95993 0.00000
0.8050 1.13446 0.00000
0.8050 1.30900 0.00000
0.8050 1.48353 0.00000
0.8050 1.65806 0.00000
0.8050 1.83260 0.00000
0.8050 2.00713 0.00000
0.8050 2.18166 0.00000
0.8050 2.35619 0.00000
0.8050 2.53073 0.01766
0.8050 2.70526 0.15059
0.8050 2.87979 0.69555
0.8050 3.05433 1.07888
0.8050 3.22886 0.66243
0.8050 3.40339 0.15987
0.8050 3.57792 0.01634
0.8050 3.75246 0.00044
0.8050 3.92699 0.00000
0.8050 4.10152 0.00000
0.8050 4.27606 0.00000
0.8050 4.45059 0.00000
0.8050 4.62512 0.00000
0.8050 4.79966 0.00000
0.8050 4.97419 0.00000
0.8050 5.14872 0.00000
0.8050 5.32325 0.00000
0.8050 5.49779 0.00000
0.8050 5.67232 0.00044
0.8050 5.84685 0.01855
0.8050 6.02139 0.16958
0.8050 6.19592 0.69511

0.8150 0.08727 1.11679
0.8150 0.26180 0.71814
0.8150 0.43633 0.19545
0.8150 0.61087 0.01606
0.8150 0.78540 0.00000
0.8150 0.95993 0.00000
0.8150 1.13446 0.00000
0.8150 1.30900 0.00000
0.8150 1.48353 0.00000
0.8150 1.65806 0.00000
0.8150 1.83260 0.00000
0.8150 2.00713 0.00055
0.8150 2.18166 0.00000
0.8150 2.35619 0.00055
0.8150 2.53073 0.01772
0.8150 2.70526 0.17275
0.8150 2.87979 0.66941
0.8150 3.05433 1.10793
0.8150 3.22886 0.68436
0.8150 3.40339 0.16002
0.8150 3.57792 0.01716
0.8150 3.75246 0.00055
0.8150 3.92699 0.00000
0.8150 4.10152 0.00000
0.8150 4.27606 0.00000
0.8150 4.45059 0.00000
0.8150 4.62512 0.00000
0.8150 4.79966 0.00000
0.8150 4.97419 0.00000
0.8150 5.14872 0.00000
0.8150 5.32325 0.00000
0.8150 5.49779 0.00000
0.8150 5.67232 0.00055
0.8150 5.84685 0.01938
0.8150 6.02139 0.15005
0.8150 6.19592 0.68215

0.8250 0.08727 1.14919
0.8250 0.26180 0.76138
0.8250 0.43633 0.19212
0.8250 0.61087 0.02277
0.8250 0.78540 0.00000
0.8250 0.95993 0.00000
0.8250 1.13446 0.00000
0.8250 1.30900 0.00000
0.8250 1.48353 0.00000
0.8250 1.65806 0.00000
0.8250 1.83260 0.00000
0.8250 2.00713 0.00000
0.8250 2.18166 0.00000
0.8250 2.35619 0.00071
0.8250 2.53073 0.01708
0.8250 2.70526 0.15156
0.8250 2.87979 0.64540
0.8250 3.05433 1.03961
0.8250 3.22886 0.65536
0.8250 3.40339 0.15370
0.8250 3.57792 0.01992
0.8250 3.75246 0.00000
0.8250 3.92699 0.00000
0.8250 4.10152 0.00000
0.8250 4.27606 0.00000
0.8250 4.45059 0.00000
0.8250 4.62512 0.00000
0.8250 4.79966 0.00000
0.8250 4.97419 0.00000
0.8250 5.14872 0.00000
0.8250 5.32325 0.00000
0.8250 5.49779 0.00000
0.8250 5.67232 0.00071
0.8250 5.84685 0.01637
0.8250 6.02139 0.18643
0.8250 6.19592 0.71726

0.8350 0.08727 1.04608
0.8350 0.26180 0.69946
0.8350 0.43633 0.18888
0.8350 0.61087 0.02076
0.8350 0.78540 0.00104
0.8350 0.95993 0.00000
0.8350 1.13446 0.00000
0.8350 1.30900 0.00000
0.8350 1.48353 0.00000
0.8350 1.65806 0.00104
0.8350 1.83260 0.00000
0.8350 2.00713 0.00000
0.8350 2.18166 0.00311
0.8350 2.35619 0.00208
0.8350 2.53073 0.03113
0.8350 2.70526 0.16604
0.8350 2.87979 0.68597
0.8350 3.05433 1.05127
0.8350 3.22886 0.71192
0.8350 3.40339 0.17538
0.8350 3.57792 0.02906
0.8350 3.75246 0.00311
0.8350 3.92699 0.00311
0.8350 4.10152 0.00104
0.8350 4.27606 0.00208
0.8350 4.45059 0.00000
0.8350 4.62512 0.00000
0.8350 4.79966 0.00000
0.8350 4.97419 0.00000
0.8350 5.14872 0.00000
0.8350 5.32325 0.00104
0.8350 5.49779 0.00000
0.8350 5.67232 0.00208
0.8350 5.84685 0.01868
0.8350 6.02139 0.18161
0.8350 6.19592 0.70361

0.8450 0.08727 0.97173
0.8450 0.26180 0.67948
0.8450 0.43633 0.21480
0.8450 0.61087 0.04530
0.8450 0.78540 0.01754
0.8450 0.95993 0.00731
0.8450 1.13446 0.00146
0.8450 1.30900 0.00292
0.8450 1.48353 0.00292
0.8450 1.65806 0.00877
0.8450 1.83260 0.00438
0.8450 2.00713 0.00292
0.8450 2.18166 0.01315
0.8450 2.35619 0.02192
0.8450 2.53073 0.06722
0.8450 2.70526 0.22065
0.8450 2.87979 0.66049
0.8450 3.05433 1.02872
0.8450 3.22886 0.61080
0.8450 3.40339 0.19142
0.8450 3.57792 0.03215
0.8450 3.75246 0.01169
0.8450 3.92699 0.00585
0.8450 4.10152 0.00292
0.8450 4.27606 0.00146
0.8450 4.45059 0.00292
0.8450 4.62512 0.00146
0.8450 4.79966 0.00000
0.8450 4.97419 0.00146
0.8450 5.14872 0.00585
0.8450 5.32325 0.00877
0.8450 5.49779 0.00731
0.8450 5.67232 0.01023
0.8450 5.84685 0.03507
0.8450 6.02139 0.18558
0.8450 6.19592 0.64295

0.8550 0.08727 0.81729
0.8550 0.26180 0.64111
0.8550 0.43633 0.28385
0.8550 0.61087 0.08687
0.8550 0.78540 0.04160
0.8550 0.95993 0.03670
0.8550 1.13446 0.01223
0.8550 1.30900 0.02325
0.8550 1.48353 0.02936
0.8550 1.65806 0.02447
0.8550 1.83260 0.03426
0.8550 2.00713 0.03303
0.8550 2.18166 0.03426
0.8550 2.35619 0.03915
0.8550 2.53073 0.09788
0.8550 2.70526 0.25204
0.8550 2.87979 0.69372
0.8550 3.05433 0.86990
0.8550 3.22886 0.52120
0.8550 3.40339 0.17985
0.8550 3.57792 0.05506
0.8550 3.75246 0.01835
0.8550 3.92699 0.01468
0.8550 4.10152 0.01468
0.8550 4.27606 0.00489
0.8550 4.45059 0.01223
0.8550 4.62512 0.01835
0.8550 4.79966 0.01101
0.8550 4.97419 0.01468
0.8550 5.14872 0.00612
0.8550 5.32325 0.01223
0.8550 5.49779 0.02202
0.8550 5.67232 0.01958
0.8550 5.84685 0.05016
0.8550 6.02139 0.18108
0.8550 6.19592 0.52243

0.8650 0.08727 0.87628
0.8650 0.26180 0.60922
0.8650 0.43633 0.26250
0.8650 0.61087 0.06980
0.8650 0.78540 0.02504
0.8650 0.95993 0.03338
0.8650 1.13446 0.01366
0.8650 1.30900 0.01745
0.8650 1.48353 0.02807
0.8650 1.65806 0.02504
0.8650 1.83260 0.02655
0.8650 2.00713 0.02428
0.8650 2.18166 0.03642
0.8650 2.35619 0.04476
0.8650 2.53073 0.09635
0.8650 2.70526 0.29665
0.8650 2.87979 0.67599
0.8650 3.05433 0.84366
0.8650 3.22886 0.54929
0.8650 3.40339 0.20940
0.8650 3.57792 0.05766
0.8650 3.75246 0.01897
0.8650 3.92699 0.01214
0.8650 4.10152 0.01517
0.8650 4.27606 0.00986
0.8650 4.45059 0.00683
0.8650 4.62512 0.00986
0.8650 4.79966 0.00607
0.8650 4.97419 0.00835
0.8650 5.14872 0.00759
0.8650 5.32325 0.01214
0.8650 5.49779 0.01366
0.8650 5.67232 0.02883
0.8650 5.84685 0.04324
0.8650 6.02139 0.17222
0.8650 6.19592 0.54322

0.8750 0.08727 0.88241
0.8750 0.26180 0.69811
0.8750 0.43633 0.24929
0.8750 0.61087 0.07108
0.8750 0.78540 0.02285
0.8750 0.95993 0.01269
0.8750 1.13446 0.01168
0.8750 1.30900 0.00609
0.8750 1.48353 0.00660
0.8750 1.65806 0.00863
0.8750 1.83260 0.00660
0.8750 2.00713 0.01371
0.8750 2.18166 0.01168
0.8750 2.35619 0.03249
0.8750 2.53073 0.07768
0.8750 2.70526 0.28432
0.8750 2.87979 0.73111
0.8750 3.05433 0.89155
0.8750 3.22886 0.60317
0.8750 3.40339 0.19852
0.8750 3.57792 0.03351
0.8750 3.75246 0.01269
0.8750 3.92699 0.01015
0.8750 4.10152 0.00558
0.8750 4.27606 0.00355
0.8750 4.45059 0.00305
0.8750 4.62512 0.00355
0.8750 4.79966 0.00203
0.8750 4.97419 0.00152
0.8750 5.14872 0.00711
0.8750 5.32325 0.00508
0.8750 5.49779 0.00812
0.8750 5.67232 0.01422
0.8750 5.84685 0.04163
0.8750 6.02139 0.19242
0.8750 6.19592 0.56509

0.8850 0.08727 0.92978
0.8850 0.26180 0.65257
0.8850 0.43633 0.26403
0.8850 0.61087 0.05603
0.8850 0.78540 0.01172
0.8850 0.95993 0.00366
0.8850 1.13446 0.00330
0.8850 1.30900 0.00183
0.8850 1.48353 0.00146
0.8850 1.65806 0.00256
0.8850 1.83260 0.00146
0.8850 2.00713 0.00403
0.8850 2.18166 0.00439
0.8850 2.35619 0.01282
0.8850 2.53073 0.05200
0.8850 2.70526 0.26806
0.8850 2.87979 0.76499
0.8850 3.05433 1.01035
0.8850 3.22886 0.63426
0.8850 3.40339 0.19592
0.8850 3.57792 0.03625
0.8850 3.75246 0.00586
0.8850 3.92699 0.00293
0.8850 4.10152 0.00403
0.8850 4.27606 0.00110
0.8850 4.45059 0.00073
0.8850 4.62512 0.00146
0.8850 4.79966 0.00000
0.8850 4.97419 0.00073
0.8850 5.14872 0.00110
0.8850 5.32325 0.00183
0.8850 5.49779 0.00439
0.8850 5.67232 0.00696
0.8850 5.84685 0.03369
0.8850 6.02139 0.17102
0.8850 6.19592 0.58226

0.8950 0.08727 0.96326
0.8950 0.26180 0.70763
0.8950 0.43633 0.25414
0.8950 0.61087 0.04580
0.8950 0.78540 0.00748
0.8950 0.95993 0.00120
0.8950 1.13446 0.00000
0.8950 1.30900 0.00090
0.8950 1.48353 0.00000
0.8950 1.65806 0.00030
0.8950 1.83260 0.00000
0.8950 2.00713 0.00090
0.8950 2.18166 0.00120
0.8950 2.35619 0.00718
0.8950 2.53073 0.05418
0.8950 2.70526 0.26521
0.8950 2.87979 0.74115
0.8950 3.05433 1.04169
0.8950 3.22886 0.63010
0.8950 3.40339 0.17840
0.8950 3.57792 0.03023
0.8950 3.75246 0.00509
0.8950 3.92699 0.00180
0.8950 4.10152 0.00060
0.8950 4.27606 0.00030
0.8950 4.45059 0.00000
0.8950 4.62512 0.00060
0.8950 4.79966 0.00060
0.8950 4.97419 0.00030
0.8950 5.14872 0.00000
0.8950 5.32325 0.00030
0.8950 5.49779 0.00090
0.8950 5.67232 0.00479
0.8950 5.84685 0.02275
0.8950 6.02139 0.17691
0.8950 6.19592 0.58370

0.9050 0.08727 0.98395
0.9050 0.26180 0.70391
0.9050 0.43633 0.23981
0.9050 0.61087 0.04073
0.9050 0.78540 0.00458
0.9050 0.95993 0.00102
0.9050 1.13446 0.00025
0.9050 1.30900 0.00000
0.9050 1.48353 0.00000
0.9050 1.65806 0.00000
0.9050 1.83260 0.00000
0.9050 2.00713 0.00051
0.9050 2.18166 0.00102
0.9050 2.35619 0.00484
0.9050 2.53073 0.05015
0.9050 2.70526 0.25127
0.9050 2.87979 0.73777
0.9050 3.05433 1.07076
0.9050 3.22886 0.66089
0.9050 3.40339 0.17108
0.9050 3.57792 0.02444
0.9050 3.75246 0.00255
0.9050 3.92699 0.00051
0.9050 4.10152 0.00025
0.9050 4.27606 0.00000
0.9050 4.45059 0.00000
0.9050 4.62512 0.00000
0.9050 4.79966 0.00000
0.9050 4.97419 0.00000
0.9050 5.14872 0.00000
0.9050 5.32325 0.00000
0.9050 5.49779 0.00051
0.9050 5.67232 0.00255
0.9050 5.84685 0.02622
0.9050 6.02139 0.17031
0.9050 6.19592 0.57968

0.9150 0.08727 0.97991
0.9150 0.26180 0.68720
0.9150 0.43633 0.25764
0.9150 0.61087 0.04241
0.9150 0.78540 0.00573
0.9150 0.95993 0.00046
0.9150 1.13446 0.00023
0.9150 1.30900 0.00023
0.9150 1.48353 0.00023
0.9150 1.65806 0.00023
0.9150 1.83260 0.00000
0.9150 2.00713 0.00069
0.9150 2.18166 0.00206
0.9150 2.35619 0.00550
0.9150 2.53073 0.05066
0.9150 2.70526 0.26842
0.9150 2.87979 0.75872
0.9150 3.05433 1.05143
0.9150 3.22886 0.63013
0.9150 3.40339 0.17558
0.9150 3.57792 0.02063
0.9150 3.75246 0.00229
0.9150 3.92699 0.00023
0.9150 4.10152 0.00023
0.9150 4.27606 0.00092
0.9150 4.45059 0.00046
0.9150 4.62512 0.00046
0.9150 4.79966 0.00000
0.9150 4.97419 0.00000
0.9150 5.14872 0.00000
0.9150 5.32325 0.00046
0.9150 5.49779 0.00000
0.9150 5.67232 0.00069
0.9150 5.84685 0.02063
0.9150 6.02139 0.17421
0.9150 6.19592 0.59093

0.9250 0.08727 0.96364
0.9250 0.26180 0.69666
0.9250 0.43633 0.23350
0.9250 0.61087 0.04734
0.9250 0.78540 0.00363
0.9250 0.95993 0.00064
0.9250 1.13446 0.00000
0.9250 1.30900 0.00021
0.9250 1.48353 0.00000
0.9250 1.65806 0.00000
0.9250 1.83260 0.00021
0.9250 2.00713 0.00043
0.9250 2.18166 0.00043
0.9250 2.35619 0.00469
0.9250 2.53073 0.04649
0.9250 2.70526 0.25951
0.9250 2.87979 0.76554
0.9250 3.05433 1.07068
0.9250 3.22886 0.66105
0.9250 3.40339 0.17678
0.9250 3.57792 0.02239
0.9250 3.75246 0.00277
0.9250 3.92699 0.00043
0.9250 4.10152 0.00021
0.9250 4.27606 0.00021
0.9250 4.45059 0.00000
0.9250 4.62512 0.00000
0.9250 4.79966 0.00000
0.9250 4.97419 0.00000
0.9250 5.14872 0.00000
0.9250 5.32325 0.00021
0.9250 5.49779 0.00000
0.9250 5.67232 0.00235
0.9250 5.84685 0.01535
0.9250 6.02139 0.15822
0.9250 6.19592 0.59601

0.9350 0.08727 0.97616
0.9350 0.26180 0.69352
0.9350 0.43633 0.22100
0.9350 0.61087 0.04350
0.9350 0.78540 0.00557
0.9350 0.95993 0.00041
0.9350 1.13446 0.00000
0.9350 1.30900 0.00021
0.9350 1.48353 0.00000
0.9350 1.65806 0.00021
0.9350 1.83260 0.00000
0.9350 2.00713 0.00041
0.9350 2.18166 0.00082
0.9350 2.35619 0.00536
0.9350 2.53073 0.05195
0.9350 2.70526 0.26533
0.9350 2.87979 0.76485
0.9350 3.05433 1.04007
0.9350 3.22886 0.64631
0.9350 3.40339 0.19049
0.9350 3.57792 0.02288
0.9350 3.75246 0.00247
0.9350 3.92699 0.00062
0.9350 4.10152 0.00000
0.9350 4.27606 0.00021
0.9350 4.45059 0.00000
0.9350 4.62512 0.00000
0.9350 4.79966 0.00000
0.9350 4.97419 0.00000
0.9350 5.14872 0.00000
0.9350 5.32325 0.00021
0.9350 5.49779 0.00000
0.9350 5.67232 0.00206
0.9350 5.84685 0.02020
0.9350 6.02139 0.17792
0.9350 6.19592 0.59683

0.9450 0.08727 0.96554
0.9450 0.26180 0.67763
0.9450 0.43633 0.21093
0.9450 0.61087 0.04202
0.9450 0.78540 0.00586
0.9450 0.95993 0.00000
0.9450 1.13446 0.00040
0.9450 1.30900 0.00040
0.9450 1.48353 0.00101
0.9450 1.65806 0.00000
0.9450 1.83260 0.00061
0.9450 2.00713 0.00000
0.9450 2.18166 0.00061
0.9450 2.35619 0.00768
0.9450 2.53073 0.04364
0.9450 2.70526 0.23719
0.9450 2.87979 0.77017
0.9450 3.05433 1.08191
0.9450 3.22886 0.66491
0.9450 3.40339 0.18709
0.9450 3.57792 0.02445
0.9450 3.75246 0.00202
0.9450 3.92699 0.00020
0.9450 4.10152 0.00000
0.9450 4.27606 0.00000
0.9450 4.45059 0.00000
0.9450 4.62512 0.00000
0.9450 4.79966 0.00000
0.9450 4.97419 0.00020
0.9450 5.14872 0.00000
0.9450 5.32325 0.00040
0.9450 5.49779 0.00101
0.9450 5.67232 0.00182
0.9450 5.84685 0.02182
0.9450 6.02139 0.17335
0.9450 6.19592 0.60672

0.9550 0.08727 0.96880
0.9550 0.26180 0.69200
0.9550 0.43633 0.22666
0.9550 0.61087 0.04052
0.9550 0.78540 0.00461
0.9550 0.95993 0.00060
0.9550 1.13446 0.00020
0.9550 1.30900 0.00060
0.9550 1.48353 0.00060
0.9550 1.65806 0.00040
0.9550 1.83260 0.00100
0.9550 2.00713 0.00060
0.9550 2.18166 0.00040
0.9550 2.35619 0.00562
0.9550 2.53073 0.04453
0.9550 2.70526 0.25474
0.9550 2.87979 0.77785
0.9550 3.05433 1.07030
0.9550 3.22886 0.63825
0.9550 3.40339 0.16728
0.9550 3.57792 0.02407
0.9550 3.75246 0.00281
0.9550 3.92699 0.00060
0.9550 4.10152 0.00000
0.9550 4.27606 0.00000
0.9550 4.45059 0.00020
0.9550 4.62512 0.00000
0.9550 4.79966 0.00040
0.9550 4.97419 0.00020
0.9550 5.14872 0.00000
0.9550 5.32325 0.00000
0.9550 5.49779 0.00020
0.9550 5.67232 0.00221
0.9550 5.84685 0.02247
0.9550 6.02139 0.16448
0.9550 6.19592 0.61638

0.9650 0.08727 0.95002
0.9650 0.26180 0.67676
0.9650 0.43633 0.22120
0.9650 0.61087 0.04400
0.9650 0.78540 0.00629
0.9650 0.95993 0.00039
0.9650 1.13446 0.00020
0.9650 1.30900 0.00020
0.9650 1.48353 0.00020
0.9650 1.65806 0.00039
0.9650 1.83260 0.00059
0.9650 2.00713 0.00098
0.9650 2.18166 0.00098
0.9650 2.35619 0.00471
0.9650 2.53073 0.04420
0.9650 2.70526 0.26815
0.9650 2.87979 0.78913
0.9650 3.05433 1.08517
0.9650 3.22886 0.64297
0.9650 3.40339 0.18250
0.9650 3.57792 0.02357
0.9650 3.75246 0.00236
0.9650 3.92699 0.00039
0.9650 4.10152 0.00039
0.9650 4.27606 0.00020
0.9650 4.45059 0.00079
0.9650 4.62512 0.00059
0.9650 4.79966 0.00059
0.9650 4.97419 0.00020
0.9650 5.14872 0.00000
0.9650 5.32325 0.00020
0.9650 5.49779 0.00039
0.9650 5.67232 0.00216
0.9650 5.84685 0.02456
0.9650 6.02139 0.15676
0.9650 6.19592 0.59740

0.9750 0.08727 0.95734
0.9750 0.26180 0.66971
0.9750 0.43633 0.22399
0.9750 0.61087 0.03905
0.9750 0.78540 0.00319
0.9750 0.95993 0.00113
0.9750 1.13446 0.00038
0.9750 1.30900 0.00075
0.9750 1.48353 0.00000
0.9750 1.65806 0.00000
0.9750 1.83260 0.00019
0.9750 2.00713 0.00056
0.9750 2.18166 0.00075
0.9750 2.35619 0.00638
0.9750 2.53073 0.04525
0.9750 2.70526 0.24464
0.9750 2.87979 0.75232
0.9750 3.05433 1.10360
0.9750 3.22886 0.68341
0.9750 3.40339 0.18249
0.9750 3.57792 0.02215
0.9750 3.75246 0.00113
0.9750 3.92699 0.00000
0.9750 4.10152 0.00019
0.9750 4.27606 0.00019
0.9750 4.45059 0.00000
0.9750 4.62512 0.00019
0.9750 4.79966 0.00000
0.9750 4.97419 0.00000
0.9750 5.14872 0.00000
0.9750 5.32325 0.00000
0.9750 5.49779 0.00019
0.9750 5.67232 0.00131
0.9750 5.84685 0.02291
0.9750 6.02139 0.16710
0.9750 6.19592 0.59911

0.9850 0.08727 0.93363
0.9850 0.26180 0.66276
0.9850 0.43633 0.22808
0.9850 0.61087 0.03974
0.9850 0.78540 0.00752
0.9850 0.95993 0.00072
0.9850 1.13446 0.00090
0.9850 1.30900 0.00054
0.9850 1.48353 0.00018
0.9850 1.65806 0.00036
0.9850 1.83260 0.00054
0.9850 2.00713 0.00000
0.9850 2.18166 0.00090
0.9850 2.35619 0.00555
0.9850 2.53073 0.03956
0.9850 2.70526 0.25279
0.9850 2.87979 0.77232
0.9850 3.05433 1.11408
0.9850 3.22886 0.67171
0.9850 3.40339 0.18762
0.9850 3.57792 0.02166
0.9850 3.75246 0.00090
0.9850 3.92699 0.00036
0.9850 4.10152 0.00018
0.9850 4.27606 0.00036
0.9850 4.45059 0.00000
0.9850 4.62512 0.00000
0.9850 4.79966 0.00000
0.9850 4.97419 0.00000
0.9850 5.14872 0.00000
0.9850 5.32325 0.00000
0.9850 5.49779 0.00036
0.9850 5.67232 0.00143
0.9850 5.84685 0.02417
0.9850 6.02139 0.16256
0.9850 6.19592 0.59813

0.9950 0.08727 0.95118
0.9950 0.26180 0.65745
0.9950 0.43633 0.22242
0.9950 0.61087 0.03870
0.9950 0.78540 0.00389
0.9950 0.95993 0.00068
0.9950 1.13446 0.00017
0.9950 1.30900 0.00034
0.9950 1.48353 0.00000
0.9950 1.65806 0.00000
0.9950 1.83260 0.00017
0.9950 2.00713 0.00034
0.9950 2.18166 0.00034
0.9950 2.35619 0.00575
0.9950 2.53073 0.04310
0.9950 2.70526 0.25689
0.9950 2.87979 0.78539
0.9950 3.05433 1.08791
0.9950 3.22886 0.68567
0.9950 3.40339 0.18321
0.9950 3.57792 0.02400
0.9950 3.75246 0.00406
0.9950 3.92699 0.00051
0.9950 4.10152 0.00017
0.9950 4.27606 0.00000
0.9950 4.45059 0.00034
0.9950 4.62512 0.00000
0.9950 4.79966 0.00000
0.9950 4.97419 0.00000
0.9950 5.14872 0.00000
0.9950 5.32325 0.00017
0.9950 5.49779 0.00051
0.9950 5.67232 0.00270
0.9950 5.84685 0.02282
0.9950 6.02139 0.16664
0.9950 6.19592 0.58410

