# P(phi|x) [1/rad]: each x column normalized over phi. blank line separates x scans (for surf)
x phi p
0.0050 0.08727 0.06285
0.0050 0.26180 0.09108
0.0050 0.43633 0.14479
0.0050 0.61087 0.21111
0.0050 0.78540 0.28328
0.0050 0.95993 0.37366
0.0050 1.13446 0.47388
0.0050 1.30900 0.54704
0.0050 1.48353 0.56772
0.0050 1.65806 0.58121
0.0050 1.83260 0.54677
0.0050 2.00713 0.47380
0.0050 2.18166 0.38688
0.0050 2.35619 0.29766
0.0050 2.53073 0.20685
0.0050 2.70526 0.14417
0.0050 2.87979 0.09614
0.0050 3.05433 0.06063
0.0050 3.22886 0.03462
0.0050 3.40339 0.02006
0.0050 3.57792 0.01181
0.0050 3.75246 0.00621
0.0050 3.92699 0.00479
0.0050 4.10152 0.00382
0.0050 4.27606 0.00284
0.0050 4.45059 0.00311
0.0050 4.62512 0.00266
0.0050 4.79966 0.00204
0.0050 4.97419 0.00222
0.0050 5.14872 0.00302
0.0050 5.32325 0.00435
0.0050 5.49779 0.00471
0.0050 5.67232 0.00657
0.0050 5.84685 0.01154
0.0050 6.02139 0.02042
0.0050 6.19592 0.03524

0.0150 0.08727 0.05844
0.0150 0.26180 0.09381
0.0150 0.43633 0.14445
0.0150 0.61087 0.20273
0.0150 0.78540 0.28768
0.0150 0.95993 0.37402
0.0150 1.13446 0.46431
0.0150 1.30900 0.53719
0.0150 1.48353 0.58192
0.0150 1.65806 0.60022
0.0150 1.83260 0.55795
0.0150 2.00713 0.46160
0.0150 2.18166 0.37747
0.0150 2.35619 0.29736
0.0150 2.53073 0.21873
0.0150 2.70526 0.14437
0.0150 2.87979 0.09004
0.0150 3.05433 0.05499
0.0150 3.22886 0.03308
0.0150 3.40339 0.01978
0.0150 3.57792 0.00952
0.0150 3.75246 0.00804
0.0150 3.92699 0.00451
0.0150 4.10152 0.00271
0.0150 4.27606 0.00345
0.0150 4.45059 0.00304
0.0150 4.62512 0.00337
0.0150 4.79966 0.00435
0.0150 4.97419 0.00402
0.0150 5.14872 0.00369
0.0150 5.32325 0.00435
0.0150 5.49779 0.00533
0.0150 5.67232 0.00772
0.0150 5.84685 0.01239
0.0150 6.02139 0.01970
0.0150 6.19592 0.03324

0.0250 0.08727 0.05652
0.0250 0.26180 0.08873
0.0250 0.43633 0.14245
0.0250 0.61087 0.20996
0.0250 0.78540 0.28982
0.0250 0.95993 0.38021
0.0250 1.13446 0.46295
0.0250 1.30900 0.53766
0.0250 1.48353 0.58789
0.0250 1.65806 0.59782
0.0250 1.83260 0.54539
0.0250 2.00713 0.46901
0.0250 2.18166 0.38263
0.0250 2.35619 0.29179
0.0250 2.53073 0.21655
0.0250 2.70526 0.14048
0.0250 2.87979 0.09274
0.0250 3.05433 0.05334
0.0250 3.22886 0.03311
0.0250 3.40339 0.02106
0.0250 3.57792 0.01008
0.0250 3.75246 0.00743
0.0250 3.92699 0.00477
0.0250 4.10152 0.00303
0.0250 4.27606 0.00349
0.0250 4.45059 0.00288
0.0250 4.62512 0.00379
0.0250 4.79966 0.00379
0.0250 4.97419 0.00386
0.0250 5.14872 0.00273
0.0250 5.32325 0.00349
0.0250 5.49779 0.00424
0.0250 5.67232 0.00758
0.0250 5.84685 0.01288
0.0250 6.02139 0.02129
0.0250 6.19592 0.03417

0.0350 0.08727 0.05441
0.0350 0.26180 0.09046
0.0350 0.43633 0.14112
0.0350 0.61087 0.20833
0.0350 0.78540 0.28870
0.0350 0.95993 0.38542
0.0350 1.13446 0.47226
0.0350 1.30900 0.55277
0.0350 1.48353 0.59348
0.0350 1.65806 0.59403
0.0350 1.83260 0.54352
0.0350 2.00713 0.46183
0.0350 2.18166 0.37206
0.0350 2.35619 0.28515
0.0350 2.53073 0.21689
0.0350 2.70526 0.14202
0.0350 2.87979 0.09331
0.0350 3.05433 0.05622
0.0350 3.22886 0.03270
0.0350 3.40339 0.01900
0.0350 3.57792 0.00960
0.0350 3.75246 0.00619
0.0350 3.92699 0.00536
0.0350 4.10152 0.00376
0.0350 4.27606 0.00397
0.0350 4.45059 0.00292
0.0350 4.62512 0.00355
0.0350 4.79966 0.00278
0.0350 4.97419 0.00181
0.0350 5.14872 0.00195
0.0350 5.32325 0.00348
0.0350 5.49779 0.00438
0.0350 5.67232 0.00779
0.0350 5.84685 0.01385
0.0350 6.02139 0.02248
0.0350 6.19592 0.03201

0.0450 0.08727 0.05613
0.0450 0.26180 0.09197
0.0450 0.43633 0.14446
0.0450 0.61087 0.20626
0.0450 0.78540 0.29721
0.0450 0.95993 0.38727
0.0450 1.13446 0.46687
0.0450 1.30900 0.53352
0.0450 1.48353 0.58805
0.0450 1.65806 0.58767
0.0450 1.83260 0.55361
0.0450 2.00713 0.47299
0.0450 2.18166 0.38000
0.0450 2.35619 0.28433
0.0450 2.53073 0.20645
0.0450 2.70526 0.14153
0.0450 2.87979 0.09159
0.0450 3.05433 0.05696
0.0450 3.22886 0.03553
0.0450 3.40339 0.02022
0.0450 3.57792 0.01110
0.0450 3.75246 0.00625
0.0450 3.92699 0.00536
0.0450 4.10152 0.00395
0.0450 4.27606 0.00319
0.0450 4.45059 0.00210
0.0450 4.62512 0.00236
0.0450 4.79966 0.00242
0.0450 4.97419 0.00236
0.0450 5.14872 0.00191
0.0450 5.32325 0.00408
0.0450 5.49779 0.00549
0.0450 5.67232 0.00823
0.0450 5.84685 0.01301
0.0450 6.02139 0.01971
0.0450 6.19592 0.03546

0.0550 0.08727 0.05730
0.0550 0.26180 0.08767
0.0550 0.43633 0.14347
0.0550 0.61087 0.20813
0.0550 0.78540 0.28654
0.0550 0.95993 0.38209
0.0550 1.13446 0.46735
0.0550 1.30900 0.55341
0.0550 1.48353 0.58200
0.0550 1.65806 0.59005
0.0550 1.83260 0.53851
0.0550 2.00713 0.47293
0.0550 2.18166 0.38721
0.0550 2.35619 0.30115
0.0550 2.53073 0.20986
0.0550 2.70526 0.14796
0.0550 2.87979 0.09078
0.0550 3.05433 0.05764
0.0550 3.22886 0.03285
0.0550 3.40339 0.01927
0.0550 3.57792 0.00978
0.0550 3.75246 0.00616
0.0550 3.92699 0.00420
0.0550 4.10152 0.00247
0.0550 4.27606 0.00247
0.0550 4.45059 0.00161
0.0550 4.62512 0.00224
0.0550 4.79966 0.00150
0.0550 4.97419 0.00247
0.0550 5.14872 0.00213
0.0550 5.32325 0.00265
0.0550 5.49779 0.00500
0.0550 5.67232 0.00823
0.0550 5.84685 0.01329
0.0550 6.02139 0.01887
0.0550 6.19592 0.03032

0.0650 0.08727 0.05710
0.0650 0.26180 0.08559
0.0650 0.43633 0.13560
0.0650 0.61087 0.20989
0.0650 0.78540 0.28111
0.0650 0.95993 0.36925
0.0650 1.13446 0.46792
0.0650 1.30900 0.55419
0.0650 1.48353 0.59108
0.0650 1.65806 0.59201
0.0650 1.83260 0.55961
0.0650 2.00713 0.47944
0.0650 2.18166 0.38775
0.0650 2.35619 0.29299
0.0650 2.53073 0.20744
0.0650 2.70526 0.14081
0.0650 2.87979 0.09372
0.0650 3.05433 0.05720
0.0650 3.22886 0.03480
0.0650 3.40339 0.01855
0.0650 3.57792 0.01130
0.0650 3.75246 0.00583
0.0650 3.92699 0.00443
0.0650 4.10152 0.00307
0.0650 4.27606 0.00198
0.0650 4.45059 0.00125
0.0650 4.62512 0.00208
0.0650 4.79966 0.00182
0.0650 4.97419 0.00182
0.0650 5.14872 0.00234
0.0650 5.32325 0.00198
0.0650 5.49779 0.00516
0.0650 5.67232 0.00641
0.0650 5.84685 0.01120
0.0650 6.02139 0.01922
0.0650 6.19592 0.03360

0.0750 0.08727 0.05391
0.0750 0.26180 0.08570
0.0750 0.43633 0.13886
0.0750 0.61087 0.20244
0.0750 0.78540 0.28217
0.0750 0.95993 0.37240
0.0750 1.13446 0.46790
0.0750 1.30900 0.54411
0.0750 1.48353 0.60005
0.0750 1.65806 0.59575
0.0750 1.83260 0.55295
0.0750 2.00713 0.48266
0.0750 2.18166 0.37985
0.0750 2.35619 0.29063
0.0750 2.53073 0.21003
0.0750 2.70526 0.14229
0.0750 2.87979 0.09486
0.0750 3.05433 0.05858
0.0750 3.22886 0.03540
0.0750 3.40339 0.01985
0.0750 3.57792 0.01143
0.0750 3.75246 0.00740
0.0750 3.92699 0.00426
0.0750 4.10152 0.00366
0.0750 4.27606 0.00273
0.0750 4.45059 0.00199
0.0750 4.62512 0.00180
0.0750 4.79966 0.00190
0.0750 4.97419 0.00231
0.0750 5.14872 0.00264
0.0750 5.32325 0.00366
0.0750 5.49779 0.00495
0.0750 5.67232 0.00745
0.0750 5.84685 0.01198
0.0750 6.02139 0.01930
0.0750 6.19592 0.03174

0.0850 0.08727 0.05303
0.0850 0.26180 0.08595
0.0850 0.43633 0.13564
0.0850 0.61087 0.20626
0.0850 0.78540 0.28248
0.0850 0.95993 0.38611
0.0850 1.13446 0.47189
0.0850 1.30900 0.54481
0.0850 1.48353 0.58768
0.0850 1.65806 0.60214
0.0850 1.83260 0.54640
0.0850 2.00713 0.47862
0.0850 2.18166 0.37482
0.0850 2.35619 0.29459
0.0850 2.53073 0.21340
0.0850 2.70526 0.14542
0.0850 2.87979 0.08905
0.0850 3.05433 0.05666
0.0850 3.22886 0.03456
0.0850 3.40339 0.02144
0.0850 3.57792 0.01141
0.0850 3.75246 0.00723
0.0850 3.92699 0.00418
0.0850 4.10152 0.00384
0.0850 4.27606 0.00288
0.0850 4.45059 0.00263
0.0850 4.62512 0.00234
0.0850 4.79966 0.00213
0.0850 4.97419 0.00251
0.0850 5.14872 0.00247
0.0850 5.32325 0.00330
0.0850 5.49779 0.00518
0.0850 5.67232 0.00777
0.0850 5.84685 0.01107
0.0850 6.02139 0.01759
0.0850 6.19592 0.03209

0.0950 0.08727 0.05532
0.0950 0.26180 0.09021
0.0950 0.43633 0.14205
0.0950 0.61087 0.20006
0.0950 0.78540 0.29470
0.0950 0.95993 0.37978
0.0950 1.13446 0.47164
0.0950 1.30900 0.55904
0.0950 1.48353 0.58888
0.0950 1.65806 0.59030
0.0950 1.83260 0.54705
0.0950 2.00713 0.46932
0.0950 2.18166 0.38443
0.0950 2.35619 0.29215
0.0950 2.53073 0.21022
0.0950 2.70526 0.14201
0.0950 2.87979 0.08721
0.0950 3.05433 0.05554
0.0950 3.22886 0.03471
0.0950 3.40339 0.01698
0.0950 3.57792 0.01226
0.0950 3.75246 0.00682
0.0950 3.92699 0.00427
0.0950 4.10152 0.00345
0.0950 4.27606 0.00270
0.0950 4.45059 0.00262
0.0950 4.62512 0.00266
0.0950 4.79966 0.00255
0.0950 4.97419 0.00202
0.0950 5.14872 0.00251
0.0950 5.32325 0.00319
0.0950 5.49779 0.00487
0.0950 5.67232 0.00645
0.0950 5.84685 0.01124
0.0950 6.02139 0.01919
0.0950 6.19592 0.03118

0.1050 0.08727 0.05595
0.1050 0.26180 0.09191
0.1050 0.43633 0.13849
0.1050 0.61087 0.20937
0.1050 0.78540 0.29072
0.1050 0.95993 0.38939
0.1050 1.13446 0.47830
0.1050 1.30900 0.54201
0.1050 1.48353 0.58403
0.1050 1.65806 0.58993
0.1050 1.83260 0.54451
0.1050 2.00713 0.47003
0.1050 2.18166 0.37812
0.1050 2.35619 0.29465
0.1050 2.53073 0.21204
0.1050 2.70526 0.14199
0.1050 2.87979 0.08781
0.1050 3.05433 0.05425
0.1050 3.22886 0.03232
0.1050 3.40339 0.01776
0.1050 3.57792 0.01200
0.1050 3.75246 0.00753
0.1050 3.92699 0.00540
0.1050 4.10152 0.00297
0.1050 4.27606 0.00277
0.1050 4.45059 0.00287
0.1050 4.62512 0.00207
0.1050 4.79966 0.00213
0.1050 4.97419 0.00220
0.1050 5.14872 0.00280
0.1050 5.32325 0.00333
0.1050 5.49779 0.00503
0.1050 5.67232 0.00723
0.1050 5.84685 0.01330
0.1050 6.02139 0.02076
0.1050 6.19592 0.03362

0.1150 0.08727 0.05504
0.1150 0.26180 0.09244
0.1150 0.43633 0.13913
0.1150 0.61087 0.20673
0.1150 0.78540 0.29516
0.1150 0.95993 0.39093
0.1150 1.13446 0.47612
0.1150 1.30900 0.54018
0.1150 1.48353 0.58206
0.1150 1.65806 0.58787
0.1150 1.83260 0.54752
0.1150 2.00713 0.47166
0.1150 2.18166 0.38680
0.1150 2.35619 0.29549
0.1150 2.53073 0.20900
0.1150 2.70526 0.13707
0.1150 2.87979 0.08778
0.1150 3.05433 0.05430
0.1150 3.22886 0.03227
0.1150 3.40339 0.01897
0.1150 3.57792 0.01230
0.1150 3.75246 0.00714
0.1150 3.92699 0.00469
0.1150 4.10152 0.00268
0.1150 4.27606 0.00257
0.1150 4.45059 0.00251
0.1150 4.62512 0.00198
0.1150 4.79966 0.00168
0.1150 4.97419 0.00177
0.1150 5.14872 0.00227
0.1150 5.32325 0.00339
0.1150 5.49779 0.00451
0.1150 5.67232 0.00767
0.1150 5.84685 0.01180
0.1150 6.02139 0.02135
0.1150 6.19592 0.03475

0.1250 0.08727 0.05749
0.1250 0.26180 0.09417
0.1250 0.43633 0.14439
0.1250 0.61087 0.21191
0.1250 0.78540 0.29295
0.1250 0.95993 0.38555
0.1250 1.13446 0.47475
0.1250 1.30900 0.53978
0.1250 1.48353 0.57381
0.1250 1.65806 0.58058
0.1250 1.83260 0.53794
0.1250 2.00713 0.47263
0.1250 2.18166 0.38460
0.1250 2.35619 0.29933
0.1250 2.53073 0.20795
0.1250 2.70526 0.14313
0.1250 2.87979 0.09123
0.1250 3.05433 0.05728
0.1250 3.22886 0.03578
0.1250 3.40339 0.01993
0.1250 3.57792 0.01326
0.1250 3.75246 0.00830
0.1250 3.92699 0.00470
0.1250 4.10152 0.00281
0.1250 4.27606 0.00200
0.1250 4.45059 0.00147
0.1250 4.62512 0.00176
0.1250 4.79966 0.00207
0.1250 4.97419 0.00179
0.1250 5.14872 0.00234
0.1250 5.32325 0.00344
0.1250 5.49779 0.00449
0.1250 5.67232 0.00837
0.1250 5.84685 0.01221
0.1250 6.02139 0.01977
0.1250 6.19592 0.03562

0.1350 0.08727 0.05915
0.1350 0.26180 0.09315
0.1350 0.43633 0.14612
0.1350 0.61087 0.21605
0.1350 0.78540 0.29670
0.1350 0.95993 0.38249
0.1350 1.13446 0.47106
0.1350 1.30900 0.53118
0.1350 1.48353 0.57671
0.1350 1.65806 0.57039
0.1350 1.83260 0.53795
0.1350 2.00713 0.47675
0.1350 2.18166 0.38624
0.1350 2.35619 0.29601
0.1350 2.53073 0.21419
0.1350 2.70526 0.14355
0.1350 2.87979 0.09603
0.1350 3.05433 0.05856
0.1350 3.22886 0.03464
0.1350 3.40339 0.02062
0.1350 3.57792 0.01088
0.1350 3.75246 0.00793
0.1350 3.92699 0.00521
0.1350 4.10152 0.00304
0.1350 4.27606 0.00231
0.1350 4.45059 0.00205
0.1350 4.62512 0.00149
0.1350 4.79966 0.00142
0.1350 4.97419 0.00191
0.1350 5.14872 0.00238
0.1350 5.32325 0.00304
0.1350 5.49779 0.00481
0.1350 5.67232 0.00720
0.1350 5.84685 0.01300
0.1350 6.02139 0.02022
0.1350 6.19592 0.03516

0.1450 0.08727 0.05863
0.1450 0.26180 0.09574
0.1450 0.43633 0.14782
0.1450 0.61087 0.21782
0.1450 0.78540 0.29772
0.1450 0.95993 0.39041
0.1450 1.13446 0.46925
0.1450 1.30900 0.52962
0.1450 1.48353 0.57239
0.1450 1.65806 0.57095
0.1450 1.83260 0.53738
0.1450 2.00713 0.47093
0.1450 2.18166 0.38409
0.1450 2.35619 0.29929
0.1450 2.53073 0.21190
0.1450 2.70526 0.14699
0.1450 2.87979 0.09212
0.1450 3.05433 0.05954
0.1450 3.22886 0.03386
0.1450 3.40339 0.02063
0.1450 3.57792 0.01319
0.1450 3.75246 0.00725
0.1450 3.92699 0.00507
0.1450 4.10152 0.00316
0.1450 4.27606 0.00242
0.1450 4.45059 0.00229
0.1450 4.62512 0.00155
0.1450 4.79966 0.00148
0.1450 4.97419 0.00206
0.1450 5.14872 0.00197
0.1450 5.32325 0.00344
0.1450 5.49779 0.00390
0.1450 5.67232 0.00691
0.1450 5.84685 0.01211
0.1450 6.02139 0.02123
0.1450 6.19592 0.03444

0.1550 0.08727 0.05927
0.1550 0.26180 0.09692
0.1550 0.43633 0.14822
0.1550 0.61087 0.21905
0.1550 0.78540 0.30039
0.1550 0.95993 0.38440
0.1550 1.13446 0.46754
0.1550 1.30900 0.53709
0.1550 1.48353 0.57643
0.1550 1.65806 0.57433
0.1550 1.83260 0.53523
0.1550 2.00713 0.46781
0.1550 2.18166 0.38018
0.1550 2.35619 0.29509
0.1550 2.53073 0.21309
0.1550 2.70526 0.14707
0.1550 2.87979 0.09207
0.1550 3.05433 0.05676
0.1550 3.22886 0.03452
0.1550 3.40339 0.02153
0.1550 3.57792 0.01310
0.1550 3.75246 0.00799
0.1550 3.92699 0.00475
0.1550 4.10152 0.00360
0.1550 4.27606 0.00188
0.1550 4.45059 0.00178
0.1550 4.62512 0.00151
0.1550 4.79966 0.00176
0.1550 4.97419 0.00174
0.1550 5.14872 0.00190
0.1550 5.32325 0.00272
0.1550 5.49779 0.00427
0.1550 5.67232 0.00726
0.1550 5.84685 0.01190
0.1550 6.02139 0.02073
0.1550 6.19592 0.03567

0.1650 0.08727 0.05927
0.1650 0.26180 0.09589
0.1650 0.43633 0.14842
0.1650 0.61087 0.22121
0.1650 0.78540 0.30066
0.1650 0.95993 0.38778
0.1650 1.13446 0.46480
0.1650 1.30900 0.53278
0.1650 1.48353 0.56688
0.1650 1.65806 0.56572
0.1650 1.83260 0.52793
0.1650 2.00713 0.47023
0.1650 2.18166 0.38728
0.1650 2.35619 0.29902
0.1650 2.53073 0.21599
0.1650 2.70526 0.14846
0.1650 2.87979 0.09797
0.1650 3.05433 0.05911
0.1650 3.22886 0.03562
0.1650 3.40339 0.02141
0.1650 3.57792 0.01314
0.1650 3.75246 0.00871
0.1650 3.92699 0.00517
0.1650 4.10152 0.00342
0.1650 4.27606 0.00202
0.1650 4.45059 0.00166
0.1650 4.62512 0.00133
0.1650 4.79966 0.00133
0.1650 4.97419 0.00164
0.1650 5.14872 0.00209
0.1650 5.32325 0.00305
0.1650 5.49779 0.00464
0.1650 5.67232 0.00673
0.1650 5.84685 0.01219
0.1650 6.02139 0.02047
0.1650 6.19592 0.03557

0.1750 0.08727 0.06157
0.1750 0.26180 0.09813
0.1750 0.43633 0.15117
0.1750 0.61087 0.22103
0.1750 0.78540 0.30051
0.1750 0.95993 0.39115
0.1750 1.13446 0.46648
0.1750 1.30900 0.53127
0.1750 1.48353 0.56087
0.1750 1.65806 0.55518
0.1750 1.83260 0.53320
0.1750 2.00713 0.46265
0.1750 2.18166 0.38778
0.1750 2.35619 0.30127
0.1750 2.53073 0.21972
0.1750 2.70526 0.15071
0.1750 2.87979 0.09745
0.1750 3.05433 0.06138
0.1750 3.22886 0.03581
0.1750 3.40339 0.02101
0.1750 3.57792 0.01332
0.1750 3.75246 0.00785
0.1750 3.92699 0.00444
0.1750 4.10152 0.00250
0.1750 4.27606 0.00188
0.1750 4.45059 0.00145
0.1750 4.62512 0.00137
0.1750 4.79966 0.00103
0.1750 4.97419 0.00125
0.1750 5.14872 0.00179
0.1750 5.32325 0.00282
0.1750 5.49779 0.00429
0.1750 5.67232 0.00737
0.1750 5.84685 0.01165
0.1750 6.02139 0.02158
0.1750 6.19592 0.03664

0.1850 0.08727 0.06099
0.1850 0.26180 0.09904
0.1850 0.43633 0.15356
0.1850 0.61087 0.22334
0.1850 0.78540 0.30190
0.1850 0.95993 0.38667
0.1850 1.13446 0.46587
0.1850 1.30900 0.52861
0.1850 1.48353 0.55994
0.1850 1.65806 0.56128
0.1850 1.83260 0.52970
0.1850 2.00713 0.46520
0.1850 2.18166 0.38540
0.1850 2.35619 0.30004
0.1850 2.53073 0.22030
0.1850 2.70526 0.15301
0.1850 2.87979 0.09747
0.1850 3.05433 0.05902
0.1850 3.22886 0.03712
0.1850 3.40339 0.02160
0.1850 3.57792 0.01188
0.1850 3.75246 0.00702
0.1850 3.92699 0.00361
0.1850 4.10152 0.00233
0.1850 4.27606 0.00207
0.1850 4.45059 0.00141
0.1850 4.62512 0.00124
0.1850 4.79966 0.00100
0.1850 4.97419 0.00185
0.1850 5.14872 0.00219
0.1850 5.32325 0.00289
0.1850 5.49779 0.00455
0.1850 5.67232 0.00705
0.1850 5.84685 0.01180
0.1850 6.02139 0.02201
0.1850 6.19592 0.03663

0.1950 0.08727 0.06070
0.1950 0.26180 0.09973
0.1950 0.43633 0.14997
0.1950 0.61087 0.22102
0.1950 0.78540 0.30113
0.1950 0.95993 0.38500
0.1950 1.13446 0.46415
0.1950 1.30900 0.53064
0.1950 1.48353 0.56488
0.1950 1.65806 0.56633
0.1950 1.83260 0.52950
0.1950 2.00713 0.46773
0.1950 2.18166 0.38323
0.1950 2.35619 0.30261
0.1950 2.53073 0.21481
0.1950 2.70526 0.15199
0.1950 2.87979 0.09828
0.1950 3.05433 0.06049
0.1950 3.22886 0.03699
0.1950 3.40339 0.02080
0.1950 3.57792 0.01155
0.1950 3.75246 0.00706
0.1950 3.92699 0.00370
0.1950 4.10152 0.00282
0.1950 4.27606 0.00171
0.1950 4.45059 0.00152
0.1950 4.62512 0.00132
0.1950 4.79966 0.00127
0.1950 4.97419 0.00199
0.1950 5.14872 0.00198
0.1950 5.32325 0.00324
0.1950 5.49779 0.00469
0.1950 5.67232 0.00724
0.1950 5.84685 0.01210
0.1950 6.02139 0.02109
0.1950 6.19592 0.03629

0.2050 0.08727 0.05987
0.2050 0.26180 0.09662
0.2050 0.43633 0.14881
0.2050 0.61087 0.22204
0.2050 0.78540 0.29957
0.2050 0.95993 0.38768
0.2050 1.13446 0.47007
0.2050 1.30900 0.52913
0.2050 1.48353 0.56553
0.2050 1.65806 0.56474
0.2050 1.83260 0.52759
0.2050 2.00713 0.46689
0.2050 2.18166 0.38754
0.2050 2.35619 0.29713
0.2050 2.53073 0.21836
0.2050 2.70526 0.14923
0.2050 2.87979 0.09840
0.2050 3.05433 0.06047
0.2050 3.22886 0.03536
0.2050 3.40339 0.02120
0.2050 3.57792 0.01182
0.2050 3.75246 0.00711
0.2050 3.92699 0.00419
0.2050 4.10152 0.00308
0.2050 4.27606 0.00225
0.2050 4.45059 0.00181
0.2050 4.62512 0.00165
0.2050 4.79966 0.00199
0.2050 4.97419 0.00209
0.2050 5.14872 0.00248
0.2050 5.32325 0.00321
0.2050 5.49779 0.00464
0.2050 5.67232 0.00786
0.2050 5.84685 0.01250
0.2050 6.02139 0.02129
0.2050 6.19592 0.03536

0.2150 0.08727 0.05946
0.2150 0.26180 0.09808
0.2150 0.43633 0.14823
0.2150 0.61087 0.21606
0.2150 0.78540 0.30098
0.2150 0.95993 0.38722
0.2150 1.13446 0.46989
0.2150 1.30900 0.53182
0.2150 1.48353 0.56393
0.2150 1.65806 0.56657
0.2150 1.83260 0.52991
0.2150 2.00713 0.46596
0.2150 2.18166 0.38486
0.2150 2.35619 0.30554
0.2150 2.53073 0.21855
0.2150 2.70526 0.14713
0.2150 2.87979 0.09764
0.2150 3.05433 0.05936
0.2150 3.22886 0.03425
0.2150 3.40339 0.02050
0.2150 3.57792 0.01212
0.2150 3.75246 0.00714
0.2150 3.92699 0.00454
0.2150 4.10152 0.00291
0.2150 4.27606 0.00266
0.2150 4.45059 0.00205
0.2150 4.62512 0.00182
0.2150 4.79966 0.00213
0.2150 4.97419 0.00235
0.2150 5.14872 0.00252
0.2150 5.32325 0.00326
0.2150 5.49779 0.00462
0.2150 5.67232 0.00777
0.2150 5.84685 0.01276
0.2150 6.02139 0.01999
0.2150 6.19592 0.03498

0.2250 0.08727 0.05780
0.2250 0.26180 0.09587
0.2250 0.43633 0.14760
0.2250 0.61087 0.21931
0.2250 0.78540 0.30021
0.2250 0.95993 0.38592
0.2250 1.13446 0.47194
0.2250 1.30900 0.53339
0.2250 1.48353 0.56271
0.2250 1.65806 0.56486
0.2250 1.83260 0.52997
0.2250 2.00713 0.47109
0.2250 2.18166 0.39281
0.2250 2.35619 0.29792
0.2250 2.53073 0.21687
0.2250 2.70526 0.15023
0.2250 2.87979 0.09665
0.2250 3.05433 0.06007
0.2250 3.22886 0.03560
0.2250 3.40339 0.02026
0.2250 3.57792 0.01172
0.2250 3.75246 0.00689
0.2250 3.92699 0.00493
0.2250 4.10152 0.00309
0.2250 4.27606 0.00231
0.2250 4.45059 0.00165
0.2250 4.62512 0.00189
0.2250 4.79966 0.00167
0.2250 4.97419 0.00201
0.2250 5.14872 0.00211
0.2250 5.32325 0.00297
0.2250 5.49779 0.00504
0.2250 5.67232 0.00682
0.2250 5.84685 0.01133
0.2250 6.02139 0.02053
0.2250 6.19592 0.03354

0.2350 0.08727 0.05825
0.2350 0.26180 0.09558
0.2350 0.43633 0.14942
0.2350 0.61087 0.21706
0.2350 0.78540 0.29635
0.2350 0.95993 0.38504
0.2350 1.13446 0.47312
0.2350 1.30900 0.53800
0.2350 1.48353 0.57250
0.2350 1.65806 0.57057
0.2350 1.83260 0.53369
0.2350 2.00713 0.46788
0.2350 2.18166 0.38685
0.2350 2.35619 0.29693
0.2350 2.53073 0.21692
0.2350 2.70526 0.14603
0.2350 2.87979 0.09500
0.2350 3.05433 0.05780
0.2350 3.22886 0.03492
0.2350 3.40339 0.01967
0.2350 3.57792 0.01178
0.2350 3.75246 0.00740
0.2350 3.92699 0.00399
0.2350 4.10152 0.00268
0.2350 4.27606 0.00199
0.2350 4.45059 0.00155
0.2350 4.62512 0.00166
0.2350 4.79966 0.00187
0.2350 4.97419 0.00154
0.2350 5.14872 0.00211
0.2350 5.32325 0.00305
0.2350 5.49779 0.00400
0.2350 5.67232 0.00676
0.2350 5.84685 0.01188
0.2350 6.02139 0.02069
0.2350 6.19592 0.03503

0.2450 0.08727 0.05870
0.2450 0.26180 0.09560
0.2450 0.43633 0.14563
0.2450 0.61087 0.21540
0.2450 0.78540 0.29940
0.2450 0.95993 0.38843
0.2450 1.13446 0.46745
0.2450 1.30900 0.53645
0.2450 1.48353 0.57291
0.2450 1.65806 0.57144
0.2450 1.83260 0.53481
0.2450 2.00713 0.47137
0.2450 2.18166 0.38609
0.2450 2.35619 0.30064
0.2450 2.53073 0.21535
0.2450 2.70526 0.14538
0.2450 2.87979 0.09689
0.2450 3.05433 0.05830
0.2450 3.22886 0.03253
0.2450 3.40339 0.01983
0.2450 3.57792 0.01113
0.2450 3.75246 0.00692
0.2450 3.92699 0.00467
0.2450 4.10152 0.00284
0.2450 4.27606 0.00211
0.2450 4.45059 0.00161
0.2450 4.62512 0.00183
0.2450 4.79966 0.00156
0.2450 4.97419 0.00168
0.2450 5.14872 0.00206
0.2450 5.32325 0.00289
0.2450 5.49779 0.00439
0.2450 5.67232 0.00690
0.2450 5.84685 0.01151
0.2450 6.02139 0.01969
0.2450 6.19592 0.03519

0.2550 0.08727 0.05826
0.2550 0.26180 0.09739
0.2550 0.43633 0.14973
0.2550 0.61087 0.21868
0.2550 0.78540 0.29777
0.2550 0.95993 0.38697
0.2550 1.13446 0.47217
0.2550 1.30900 0.53800
0.2550 1.48353 0.57237
0.2550 1.65806 0.57208
0.2550 1.83260 0.53194
0.2550 2.00713 0.46999
0.2550 2.18166 0.38412
0.2550 2.35619 0.29529
0.2550 2.53073 0.21253
0.2550 2.70526 0.14519
0.2550 2.87979 0.09427
0.2550 3.05433 0.05790
0.2550 3.22886 0.03423
0.2550 3.40339 0.02004
0.2550 3.57792 0.01221
0.2550 3.75246 0.00741
0.2550 3.92699 0.00488
0.2550 4.10152 0.00305
0.2550 4.27606 0.00219
0.2550 4.45059 0.00174
0.2550 4.62512 0.00155
0.2550 4.79966 0.00158
0.2550 4.97419 0.00189
0.2550 5.14872 0.00227
0.2550 5.32325 0.00329
0.2550 5.49779 0.00447
0.2550 5.67232 0.00691
0.2550 5.84685 0.01148
0.2550 6.02139 0.02046
0.2550 6.19592 0.03529

0.2650 0.08727 0.05835
0.2650 0.26180 0.09405
0.2650 0.43633 0.14814
0.2650 0.61087 0.21647
0.2650 0.78540 0.29720
0.2650 0.95993 0.38971
0.2650 1.13446 0.47139
0.2650 1.30900 0.54022
0.2650 1.48353 0.57439
0.2650 1.65806 0.57196
0.2650 1.83260 0.53540
0.2650 2.00713 0.46888
0.2650 2.18166 0.38664
0.2650 2.35619 0.29613
0.2650 2.53073 0.21311
0.2650 2.70526 0.14559
0.2650 2.87979 0.09384
0.2650 3.05433 0.05743
0.2650 3.22886 0.03298
0.2650 3.40339 0.01924
0.2650 3.57792 0.01168
0.2650 3.75246 0.00670
0.2650 3.92699 0.00407
0.2650 4.10152 0.00295
0.2650 4.27606 0.00201
0.2650 4.45059 0.00170
0.2650 4.62512 0.00166
0.2650 4.79966 0.00132
0.2650 4.97419 0.00164
0.2650 5.14872 0.00227
0.2650 5.32325 0.00336
0.2650 5.49779 0.00497
0.2650 5.67232 0.00727
0.2650 5.84685 0.01202
0.2650 6.02139 0.02012
0.2650 6.19592 0.03471

0.2750 0.08727 0.05835
0.2750 0.26180 0.09610
0.2750 0.43633 0.14640
0.2750 0.61087 0.21479
0.2750 0.78540 0.29884
0.2750 0.95993 0.38622
0.2750 1.13446 0.46975
0.2750 1.30900 0.53739
0.2750 1.48353 0.57731
0.2750 1.65806 0.57553
0.2750 1.83260 0.53871
0.2750 2.00713 0.47006
0.2750 2.18166 0.38480
0.2750 2.35619 0.29854
0.2750 2.53073 0.21307
0.2750 2.70526 0.14553
0.2750 2.87979 0.09130
0.2750 3.05433 0.05652
0.2750 3.22886 0.03399
0.2750 3.40339 0.01954
0.2750 3.57792 0.01139
0.2750 3.75246 0.00680
0.2750 3.92699 0.00402
0.2750 4.10152 0.00280
0.2750 4.27606 0.00201
0.2750 4.45059 0.00180
0.2750 4.62512 0.00130
0.2750 4.79966 0.00124
0.2750 4.97419 0.00176
0.2750 5.14872 0.00202
0.2750 5.32325 0.00310
0.2750 5.49779 0.00456
0.2750 5.67232 0.00702
0.2750 5.84685 0.01182
0.2750 6.02139 0.02008
0.2750 6.19592 0.03508

0.2850 0.08727 0.05753
0.2850 0.26180 0.09515
0.2850 0.43633 0.14634
0.2850 0.61087 0.21482
0.2850 0.78540 0.29813
0.2850 0.95993 0.38775
0.2850 1.13446 0.47465
0.2850 1.30900 0.54103
0.2850 1.48353 0.57612
0.2850 1.65806 0.57743
0.2850 1.83260 0.53893
0.2850 2.00713 0.47436
0.2850 2.18166 0.38490
0.2850 2.35619 0.29488
0.2850 2.53073 0.21205
0.2850 2.70526 0.14370
0.2850 2.87979 0.09242
0.2850 3.05433 0.05587
0.2850 3.22886 0.03207
0.2850 3.40339 0.01921
0.2850 3.57792 0.01152
0.2850 3.75246 0.00646
0.2850 3.92699 0.00391
0.2850 4.10152 0.00267
0.2850 4.27606 0.00205
0.2850 4.45059 0.00145
0.2850 4.62512 0.00117
0.2850 4.79966 0.00119
0.2850 4.97419 0.00157
0.2850 5.14872 0.00193
0.2850 5.32325 0.00296
0.2850 5.49779 0.00391
0.2850 5.67232 0.00646
0.2850 5.84685 0.01100
0.2850 6.02139 0.01976
0.2850 6.19592 0.03423

0.2950 0.08727 0.05812
0.2950 0.26180 0.09426
0.2950 0.43633 0.14552
0.2950 0.61087 0.21362
0.2950 0.78540 0.29902
0.2950 0.95993 0.38769
0.2950 1.13446 0.47276
0.2950 1.30900 0.54089
0.2950 1.48353 0.57816
0.2950 1.65806 0.57890
0.2950 1.83260 0.54379
0.2950 2.00713 0.46985
0.2950 2.18166 0.38430
0.2950 2.35619 0.29327
0.2950 2.53073 0.21232
0.2950 2.70526 0.14249
0.2950 2.87979 0.09365
0.2950 3.05433 0.05579
0.2950 3.22886 0.03269
0.2950 3.40339 0.01851
0.2950 3.57792 0.01106
0.2950 3.75246 0.00631
0.2950 3.92699 0.00382
0.2950 4.10152 0.00261
0.2950 4.27606 0.00180
0.2950 4.45059 0.00155
0.2950 4.62512 0.00150
0.2950 4.79966 0.00124
0.2950 4.97419 0.00164
0.2950 5.14872 0.00197
0.2950 5.32325 0.00302
0.2950 5.49779 0.00446
0.2950 5.67232 0.00690
0.2950 5.84685 0.01201
0.2950 6.02139 0.01985
0.2950 6.19592 0.03424

0.3050 0.08727 0.05994
0.3050 0.26180 0.09499
0.3050 0.43633 0.14444
0.3050 0.61087 0.21423
0.3050 0.78540 0.29685
0.3050 0.95993 0.38557
0.3050 1.13446 0.47219
0.3050 1.30900 0.54365
0.3050 1.48353 0.57712
0.3050 1.65806 0.57542
0.3050 1.83260 0.54222
0.3050 2.00713 0.47151
0.3050 2.18166 0.38341
0.3050 2.35619 0.29378
0.3050 2.53073 0.21335
0.3050 2.70526 0.14453
0.3050 2.87979 0.09300
0.3050 3.05433 0.05586
0.3050 3.22886 0.03311
0.3050 3.40339 0.01986
0.3050 3.57792 0.01130
0.3050 3.75246 0.00623
0.3050 3.92699 0.00389
0.3050 4.10152 0.00282
0.3050 4.27606 0.00167
0.3050 4.45059 0.00161
0.3050 4.62512 0.00136
0.3050 4.79966 0.00141
0.3050 4.97419 0.00172
0.3050 5.14872 0.00204
0.3050 5.32325 0.00300
0.3050 5.49779 0.00450
0.3050 5.67232 0.00672
0.3050 5.84685 0.01199
0.3050 6.02139 0.02019
0.3050 6.19592 0.03409

0.3150 0.08727 0.05975
0.3150 0.26180 0.09290
0.3150 0.43633 0.14385
0.3150 0.61087 0.21186
0.3150 0.78540 0.29414
0.3150 0.95993 0.38542
0.3150 1.13446 0.47171
0.3150 1.30900 0.54131
0.3150 1.48353 0.58041
0.3150 1.65806 0.57798
0.3150 1.83260 0.54059
0.3150 2.00713 0.47146
0.3150 2.18166 0.38454
0.3150 2.35619 0.29357
0.3150 2.53073 0.21294
0.3150 2.70526 0.14685
0.3150 2.87979 0.09337
0.3150 3.05433 0.05711
0.3150 3.22886 0.03382
0.3150 3.40339 0.01919
0.3150 3.57792 0.01138
0.3150 3.75246 0.00636
0.3150 3.92699 0.00385
0.3150 4.10152 0.00266
0.3150 4.27606 0.00197
0.3150 4.45059 0.00193
0.3150 4.62512 0.00151
0.3150 4.79966 0.00164
0.3150 4.97419 0.00177
0.3150 5.14872 0.00232
0.3150 5.32325 0.00311
0.3150 5.49779 0.00451
0.3150 5.67232 0.00737
0.3150 5.84685 0.01203
0.3150 6.02139 0.02021
0.3150 6.19592 0.03421

0.3250 0.08727 0.05854
0.3250 0.26180 0.09508
0.3250 0.43633 0.14675
0.3250 0.61087 0.21327
0.3250 0.78540 0.29703
0.3250 0.95993 0.38296
0.3250 1.13446 0.46988
0.3250 1.30900 0.54154
0.3250 1.48353 0.57547
0.3250 1.65806 0.57844
0.3250 1.83260 0.54199
0.3250 2.00713 0.46828
0.3250 2.18166 0.38543
0.3250 2.35619 0.29409
0.3250 2.53073 0.21314
0.3250 2.70526 0.14343
0.3250 2.87979 0.09306
0.3250 3.05433 0.05770
0.3250 3.22886 0.03443
0.3250 3.40339 0.01980
0.3250 3.57792 0.01159
0.3250 3.75246 0.00677
0.3250 3.92699 0.00421
0.3250 4.10152 0.00285
0.3250 4.27606 0.00215
0.3250 4.45059 0.00173
0.3250 4.62512 0.00176
0.3250 4.79966 0.00156
0.3250 4.97419 0.00197
0.3250 5.14872 0.00215
0.3250 5.32325 0.00295
0.3250 5.49779 0.00476
0.3250 5.67232 0.00746
0.3250 5.84685 0.01156
0.3250 6.02139 0.02081
0.3250 6.19592 0.03498

0.3350 0.08727 0.05751
0.3350 0.26180 0.09416
0.3350 0.43633 0.14486
0.3350 0.61087 0.21470
0.3350 0.78540 0.29539
0.3350 0.95993 0.38576
0.3350 1.13446 0.47160
0.3350 1.30900 0.54088
0.3350 1.48353 0.57825
0.3350 1.65806 0.57908
0.3350 1.83260 0.54101
0.3350 2.00713 0.47093
0.3350 2.18166 0.38499
0.3350 2.35619 0.29507
0.3350 2.53073 0.21377
0.3350 2.70526 0.14394
0.3350 2.87979 0.09154
0.3350 3.05433 0.05676
0.3350 3.22886 0.03416
0.3350 3.40339 0.01967
0.3350 3.57792 0.01131
0.3350 3.75246 0.00663
0.3350 3.92699 0.00437
0.3350 4.10152 0.00280
0.3350 4.27606 0.00213
0.3350 4.45059 0.00156
0.3350 4.62512 0.00132
0.3350 4.79966 0.00146
0.3350 4.97419 0.00164
0.3350 5.14872 0.00204
0.3350 5.32325 0.00288
0.3350 5.49779 0.00439
0.3350 5.67232 0.00724
0.3350 5.84685 0.01171
0.3350 6.02139 0.02018
0.3350 6.19592 0.03386

0.3450 0.08727 0.05714
0.3450 0.26180 0.09400
0.3450 0.43633 0.14638
0.3450 0.61087 0.21263
0.3450 0.78540 0.29553
0.3450 0.95993 0.38355
0.3450 1.13446 0.47359
0.3450 1.30900 0.54066
0.3450 1.48353 0.57827
0.3450 1.65806 0.57870
0.3450 1.83260 0.54167
0.3450 2.00713 0.47187
0.3450 2.18166 0.38621
0.3450 2.35619 0.29382
0.3450 2.53073 0.21291
0.3450 2.70526 0.14400
0.3450 2.87979 0.09178
0.3450 3.05433 0.05767
0.3450 3.22886 0.03356
0.3450 3.40339 0.01979
0.3450 3.57792 0.01142
0.3450 3.75246 0.00706
0.3450 3.92699 0.00449
0.3450 4.10152 0.00284
0.3450 4.27606 0.00222
0.3450 4.45059 0.00184
0.3450 4.62512 0.00143
0.3450 4.79966 0.00130
0.3450 4.97419 0.00157
0.3450 5.14872 0.00210
0.3450 5.32325 0.00305
0.3450 5.49779 0.00449
0.3450 5.67232 0.00689
0.3450 5.84685 0.01126
0.3450 6.02139 0.01978
0.3450 6.19592 0.03412

0.3550 0.08727 0.05751
0.3550 0.26180 0.09279
0.3550 0.43633 0.14332
0.3550 0.61087 0.21329
0.3550 0.78540 0.29532
0.3550 0.95993 0.38446
0.3550 1.13446 0.46935
0.3550 1.30900 0.54563
0.3550 1.48353 0.58395
0.3550 1.65806 0.57795
0.3550 1.83260 0.54065
0.3550 2.00713 0.47206
0.3550 2.18166 0.38422
0.3550 2.35619 0.29172
0.3550 2.53073 0.21250
0.3550 2.70526 0.14550
0.3550 2.87979 0.09279
0.3550 3.05433 0.05809
0.3550 3.22886 0.03352
0.3550 3.40339 0.01981
0.3550 3.57792 0.01140
0.3550 3.75246 0.00682
0.3550 3.92699 0.00435
0.3550 4.10152 0.00273
0.3550 4.27606 0.00211
0.3550 4.45059 0.00179
0.3550 4.62512 0.00160
0.3550 4.79966 0.00149
0.3550 4.97419 0.00169
0.3550 5.14872 0.00198
0.3550 5.32325 0.00283
0.3550 5.49779 0.00438
0.3550 5.67232 0.00688
0.3550 5.84685 0.01146
0.3550 6.02139 0.02028
0.3550 6.19592 0.03336

0.3650 0.08727 0.05658
0.3650 0.26180 0.09369
0.3650 0.43633 0.14467
0.3650 0.61087 0.21178
0.3650 0.78540 0.29532
0.3650 0.95993 0.38661
0.3650 1.13446 0.47049
0.3650 1.30900 0.54317
0.3650 1.48353 0.57989
0.3650 1.65806 0.57813
0.3650 1.83260 0.54294
0.3650 2.00713 0.47164
0.3650 2.18166 0.38237
0.3650 2.35619 0.29413
0.3650 2.53073 0.21307
0.3650 2.70526 0.14427
0.3650 2.87979 0.09219
0.3650 3.05433 0.05742
0.3650 3.22886 0.03380
0.3650 3.40339 0.01988
0.3650 3.57792 0.01216
0.3650 3.75246 0.00695
0.3650 3.92699 0.00420
0.3650 4.10152 0.00294
0.3650 4.27606 0.00213
0.3650 4.45059 0.00188
0.3650 4.62512 0.00155
0.3650 4.79966 0.00146
0.3650 4.97419 0.00167
0.3650 5.14872 0.00189
0.3650 5.32325 0.00275
0.3650 5.49779 0.00435
0.3650 5.67232 0.00707
0.3650 5.84685 0.01171
0.3650 6.02139 0.01987
0.3650 6.19592 0.03494

0.3750 0.08727 0.05727
0.3750 0.26180 0.09341
0.3750 0.43633 0.14506
0.3750 0.61087 0.21317
0.3750 0.78540 0.29526
0.3750 0.95993 0.38387
0.3750 1.13446 0.47078
0.3750 1.30900 0.53930
0.3750 1.48353 0.57680
0.3750 1.65806 0.57842
0.3750 1.83260 0.53907
0.3750 2.00713 0.47012
0.3750 2.18166 0.38567
0.3750 2.35619 0.29850
0.3750 2.53073 0.21552
0.3750 2.70526 0.14598
0.3750 2.87979 0.09415
0.3750 3.05433 0.05742
0.3750 3.22886 0.03436
0.3750 3.40339 0.02001
0.3750 3.57792 0.01215
0.3750 3.75246 0.00690
0.3750 3.92699 0.00404
0.3750 4.10152 0.00287
0.3750 4.27606 0.00204
0.3750 4.45059 0.00165
0.3750 4.62512 0.00142
0.3750 4.79966 0.00136
0.3750 4.97419 0.00155
0.3750 5.14872 0.00210
0.3750 5.32325 0.00273
0.3750 5.49779 0.00434
0.3750 5.67232 0.00694
0.3750 5.84685 0.01124
0.3750 6.02139 0.01967
0.3750 6.19592 0.03443

0.3850 0.08727 0.05757
0.3850 0.26180 0.09293
0.3850 0.43633 0.14407
0.3850 0.61087 0.21128
0.3850 0.78540 0.29417
0.3850 0.95993 0.38720
0.3850 1.13446 0.47164
0.3850 1.30900 0.54041
0.3850 1.48353 0.57717
0.3850 1.65806 0.57678
0.3850 1.83260 0.54003
0.3850 2.00713 0.47016
0.3850 2.18166 0.38380
0.3850 2.35619 0.29637
0.3850 2.53073 0.21613
0.3850 2.70526 0.14668
0.3850 2.87979 0.09436
0.3850 3.05433 0.05826
0.3850 3.22886 0.03471
0.3850 3.40339 0.01976
0.3850 3.57792 0.01141
0.3850 3.75246 0.00696
0.3850 3.92699 0.00447
0.3850 4.10152 0.00267
0.3850 4.27606 0.00211
0.3850 4.45059 0.00179
0.3850 4.62512 0.00145
0.3850 4.79966 0.00130
0.3850 4.97419 0.00145
0.3850 5.14872 0.00197
0.3850 5.32325 0.00294
0.3850 5.49779 0.00443
0.3850 5.67232 0.00732
0.3850 5.84685 0.01174
0.3850 6.02139 0.01997
0.3850 6.19592 0.03414

0.3950 0.08727 0.05785
0.3950 0.26180 0.09320
0.3950 0.43633 0.14541
0.3950 0.61087 0.21338
0.3950 0.78540 0.29637
0.3950 0.95993 0.38828
0.3950 1.13446 0.47330
0.3950 1.30900 0.53978
0.3950 1.48353 0.57342
0.3950 1.65806 0.57489
0.3950 1.83260 0.53819
0.3950 2.00713 0.47200
0.3950 2.18166 0.38548
0.3950 2.35619 0.29507
0.3950 2.53073 0.21366
0.3950 2.70526 0.14685
0.3950 2.87979 0.09407
0.3950 3.05433 0.05803
0.3950 3.22886 0.03439
0.3950 3.40339 0.01987
0.3950 3.57792 0.01137
0.3950 3.75246 0.00685
0.3950 3.92699 0.00444
0.3950 4.10152 0.00281
0.3950 4.27606 0.00199
0.3950 4.45059 0.00184
0.3950 4.62512 0.00143
0.3950 4.79966 0.00161
0.3950 4.97419 0.00147
0.3950 5.14872 0.00193
0.3950 5.32325 0.00275
0.3950 5.49779 0.00418
0.3950 5.67232 0.00694
0.3950 5.84685 0.01199
0.3950 6.02139 0.02038
0.3950 6.19592 0.03409

0.4050 0.08727 0.05809
0.4050 0.26180 0.09323
0.4050 0.43633 0.14456
0.4050 0.61087 0.21363
0.4050 0.78540 0.29539
0.4050 0.95993 0.38686
0.4050 1.13446 0.47078
0.4050 1.30900 0.54211
0.4050 1.48353 0.57524
0.4050 1.65806 0.57433
0.4050 1.83260 0.53999
0.4050 2.00713 0.47176
0.4050 2.18166 0.38389
0.4050 2.35619 0.29472
0.4050 2.53073 0.21333
0.4050 2.70526 0.14580
0.4050 2.87979 0.09432
0.4050 3.05433 0.05783
0.4050 3.22886 0.03484
0.4050 3.40339 0.02062
0.4050 3.57792 0.01177
0.4050 3.75246 0.00699
0.4050 3.92699 0.00441
0.4050 4.10152 0.00312
0.4050 4.27606 0.00232
0.4050 4.45059 0.00170
0.4050 4.62512 0.00154
0.4050 4.79966 0.00154
0.4050 4.97419 0.00173
0.4050 5.14872 0.00213
0.4050 5.32325 0.00296
0.4050 5.49779 0.00460
0.4050 5.67232 0.00721
0.4050 5.84685 0.01196
0.4050 6.02139 0.02056
0.4050 6.19592 0.03371

0.4150 0.08727 0.05756
0.4150 0.26180 0.09304
0.4150 0.43633 0.14486
0.4150 0.61087 0.21209
0.4150 0.78540 0.29350
0.4150 0.95993 0.38517
0.4150 1.13446 0.46950
0.4150 1.30900 0.54110
0.4150 1.48353 0.57624
0.4150 1.65806 0.57624
0.4150 1.83260 0.54266
0.4150 2.00713 0.47289
0.4150 2.18166 0.38697
0.4150 2.35619 0.29615
0.4150 2.53073 0.21432
0.4150 2.70526 0.14374
0.4150 2.87979 0.09325
0.4150 3.05433 0.05762
0.4150 3.22886 0.03402
0.4150 3.40339 0.02029
0.4150 3.57792 0.01198
0.4150 3.75246 0.00690
0.4150 3.92699 0.00453
0.4150 4.10152 0.00291
0.4150 4.27606 0.00215
0.4150 4.45059 0.00162
0.4150 4.62512 0.00142
0.4150 4.79966 0.00150
0.4150 4.97419 0.00182
0.4150 5.14872 0.00225
0.4150 5.32325 0.00311
0.4150 5.49779 0.00447
0.4150 5.67232 0.00713
0.4150 5.84685 0.01208
0.4150 6.02139 0.02023
0.4150 6.19592 0.03430

0.4250 0.08727 0.05723
0.4250 0.26180 0.09414
0.4250 0.43633 0.14488
0.4250 0.61087 0.21225
0.4250 0.78540 0.29634
0.4250 0.95993 0.38399
0.4250 1.13446 0.47169
0.4250 1.30900 0.54122
0.4250 1.48353 0.57652
0.4250 1.65806 0.57588
0.4250 1.83260 0.53821
0.4250 2.00713 0.47453
0.4250 2.18166 0.38795
0.4250 2.35619 0.29666
0.4250 2.53073 0.21268
0.4250 2.70526 0.14388
0.4250 2.87979 0.09303
0.4250 3.05433 0.05739
0.4250 3.22886 0.03404
0.4250 3.40339 0.02018
0.4250 3.57792 0.01149
0.4250 3.75246 0.00701
0.4250 3.92699 0.00442
0.4250 4.10152 0.00280
0.4250 4.27606 0.00228
0.4250 4.45059 0.00182
0.4250 4.62512 0.00135
0.4250 4.79966 0.00149
0.4250 4.97419 0.00157
0.4250 5.14872 0.00231
0.4250 5.32325 0.00290
0.4250 5.49779 0.00444
0.4250 5.67232 0.00702
0.4250 5.84685 0.01146
0.4250 6.02139 0.02015
0.4250 6.19592 0.03437

0.4350 0.08727 0.05728
0.4350 0.26180 0.09381
0.4350 0.43633 0.14512
0.4350 0.61087 0.21296
0.4350 0.78540 0.29502
0.4350 0.95993 0.38439
0.4350 1.13446 0.46964
0.4350 1.30900 0.54140
0.4350 1.48353 0.57599
0.4350 1.65806 0.57435
0.4350 1.83260 0.53961
0.4350 2.00713 0.47365
0.4350 2.18166 0.38705
0.4350 2.35619 0.29699
0.4350 2.53073 0.21378
0.4350 2.70526 0.14614
0.4350 2.87979 0.09390
0.4350 3.05433 0.05686
0.4350 3.22886 0.03403
0.4350 3.40339 0.02001
0.4350 3.57792 0.01166
0.4350 3.75246 0.00682
0.4350 3.92699 0.00433
0.4350 4.10152 0.00297
0.4350 4.27606 0.00211
0.4350 4.45059 0.00178
0.4350 4.62512 0.00160
0.4350 4.79966 0.00160
0.4350 4.97419 0.00175
0.4350 5.14872 0.00214
0.4350 5.32325 0.00301
0.4350 5.49779 0.00451
0.4350 5.67232 0.00740
0.4350 5.84685 0.01186
0.4350 6.02139 0.01986
0.4350 6.19592 0.03420

0.4450 0.08727 0.05745
0.4450 0.26180 0.09408
0.4450 0.43633 0.14483
0.4450 0.61087 0.21411
0.4450 0.78540 0.29568
0.4450 0.95993 0.38496
0.4450 1.13446 0.47101
0.4450 1.30900 0.53825
0.4450 1.48353 0.57529
0.4450 1.65806 0.57447
0.4450 1.83260 0.54075
0.4450 2.00713 0.47314
0.4450 2.18166 0.38758
0.4450 2.35619 0.29652
0.4450 2.53073 0.21402
0.4450 2.70526 0.14440
0.4450 2.87979 0.09422
0.4450 3.05433 0.05796
0.4450 3.22886 0.03458
0.4450 3.40339 0.01953
0.4450 3.57792 0.01139
0.4450 3.75246 0.00701
0.4450 3.92699 0.00436
0.4450 4.10152 0.00294
0.4450 4.27606 0.00212
0.4450 4.45059 0.00165
0.4450 4.62512 0.00158
0.4450 4.79966 0.00145
0.4450 4.97419 0.00176
0.4450 5.14872 0.00222
0.4450 5.32325 0.00296
0.4450 5.49779 0.00452
0.4450 5.67232 0.00704
0.4450 5.84685 0.01190
0.4450 6.02139 0.01999
0.4450 6.19592 0.03387

0.4550 0.08727 0.05768
0.4550 0.26180 0.09339
0.4550 0.43633 0.14621
0.4550 0.61087 0.21337
0.4550 0.78540 0.29854
0.4550 0.95993 0.38619
0.4550 1.13446 0.47374
0.4550 1.30900 0.53953
0.4550 1.48353 0.57364
0.4550 1.65806 0.57416
0.4550 1.83260 0.54079
0.4550 2.00713 0.47090
0.4550 2.18166 0.38594
0.4550 2.35619 0.29533
0.4550 2.53073 0.21460
0.4550 2.70526 0.14504
0.4550 2.87979 0.09429
0.4550 3.05433 0.05705
0.4550 3.22886 0.03388
0.4550 3.40339 0.01994
0.4550 3.57792 0.01139
0.4550 3.75246 0.00681
0.4550 3.92699 0.00426
0.4550 4.10152 0.00269
0.4550 4.27606 0.00218
0.4550 4.45059 0.00158
0.4550 4.62512 0.00144
0.4550 4.79966 0.00158
0.4550 4.97419 0.00168
0.4550 5.14872 0.00212
0.4550 5.32325 0.00285
0.4550 5.49779 0.00438
0.4550 5.67232 0.00709
0.4550 5.84685 0.01140
0.4550 6.02139 0.01991
0.4550 6.19592 0.03400

0.4650 0.08727 0.05712
0.4650 0.26180 0.09358
0.4650 0.43633 0.14403
0.4650 0.61087 0.21356
0.4650 0.78540 0.29771
0.4650 0.95993 0.38802
0.4650 1.13446 0.47121
0.4650 1.30900 0.54162
0.4650 1.48353 0.57570
0.4650 1.65806 0.57489
0.4650 1.83260 0.53841
0.4650 2.00713 0.47374
0.4650 2.18166 0.38629
0.4650 2.35619 0.29377
0.4650 2.53073 0.21429
0.4650 2.70526 0.14546
0.4650 2.87979 0.09410
0.4650 3.05433 0.05673
0.4650 3.22886 0.03414
0.4650 3.40339 0.01951
0.4650 3.57792 0.01165
0.4650 3.75246 0.00679
0.4650 3.92699 0.00414
0.4650 4.10152 0.00268
0.4650 4.27606 0.00210
0.4650 4.45059 0.00152
0.4650 4.62512 0.00140
0.4650 4.79966 0.00138
0.4650 4.97419 0.00165
0.4650 5.14872 0.00209
0.4650 5.32325 0.00308
0.4650 5.49779 0.00449
0.4650 5.67232 0.00706
0.4650 5.84685 0.01166
0.4650 6.02139 0.01987
0.4650 6.19592 0.03413

0.4750 0.08727 0.05679
0.4750 0.26180 0.09327
0.4750 0.43633 0.14472
0.4750 0.61087 0.21320
0.4750 0.78540 0.29673
0.4750 0.95993 0.38518
0.4750 1.13446 0.47158
0.4750 1.30900 0.54243
0.4750 1.48353 0.57470
0.4750 1.65806 0.57574
0.4750 1.83260 0.54101
0.4750 2.00713 0.47215
0.4750 2.18166 0.38719
0.4750 2.35619 0.29748
0.4750 2.53073 0.21335
0.4750 2.70526 0.14455
0.4750 2.87979 0.09372
0.4750 3.05433 0.05699
0.4750 3.22886 0.03331
0.4750 3.40339 0.01950
0.4750 3.57792 0.01141
0.4750 3.75246 0.00681
0.4750 3.92699 0.00413
0.4750 4.10152 0.00274
0.4750 4.27606 0.00212
0.4750 4.45059 0.00173
0.4750 4.62512 0.00147
0.4750 4.79966 0.00158
0.4750 4.97419 0.00166
0.4750 5.14872 0.00210
0.4750 5.32325 0.00304
0.4750 5.49779 0.00445
0.4750 5.67232 0.00721
0.4750 5.84685 0.01162
0.4750 6.02139 0.01975
0.4750 6.19592 0.03416

0.4850 0.08727 0.05713
0.4850 0.26180 0.09295
0.4850 0.43633 0.14485
0.4850 0.61087 0.21184
0.4850 0.78540 0.29635
0.4850 0.95993 0.38439
0.4850 1.13446 0.47098
0.4850 1.30900 0.54177
0.4850 1.48353 0.57677
0.4850 1.65806 0.57636
0.4850 1.83260 0.54127
0.4850 2.00713 0.47418
0.4850 2.18166 0.38555
0.4850 2.35619 0.29680
0.4850 2.53073 0.21408
0.4850 2.70526 0.14394
0.4850 2.87979 0.09238
0.4850 3.05433 0.05708
0.4850 3.22886 0.03391
0.4850 3.40339 0.01982
0.4850 3.57792 0.01167
0.4850 3.75246 0.00696
0.4850 3.92699 0.00414
0.4850 4.10152 0.00275
0.4850 4.27606 0.00202
0.4850 4.45059 0.00177
0.4850 4.62512 0.00157
0.4850 4.79966 0.00156
0.4850 4.97419 0.00183
0.4850 5.14872 0.00221
0.4850 5.32325 0.00289
0.4850 5.49779 0.00421
0.4850 5.67232 0.00711
0.4850 5.84685 0.01193
0.4850 6.02139 0.02007
0.4850 6.19592 0.03449

0.4950 0.08727 0.05637
0.4950 0.26180 0.09209
0.4950 0.43633 0.14496
0.4950 0.61087 0.21240
0.4950 0.78540 0.29560
0.4950 0.95993 0.38637
0.4950 1.13446 0.47362
0.4950 1.30900 0.54105
0.4950 1.48353 0.57677
0.4950 1.65806 0.57679
0.4950 1.83260 0.54133
0.4950 2.00713 0.47295
0.4950 2.18166 0.38572
0.4950 2.35619 0.29658
0.4950 2.53073 0.21302
0.4950 2.70526 0.14419
0.4950 2.87979 0.09320
0.4950 3.05433 0.05682
0.4950 3.22886 0.03366
0.4950 3.40339 0.01989
0.4950 3.57792 0.01185
0.4950 3.75246 0.00713
0.4950 3.92699 0.00426
0.4950 4.10152 0.00276
0.4950 4.27606 0.00212
0.4950 4.45059 0.00167
0.4950 4.62512 0.00152
0.4950 4.79966 0.00158
0.4950 4.97419 0.00176
0.4950 5.14872 0.00209
0.4950 5.32325 0.00297
0.4950 5.49779 0.00427
0.4950 5.67232 0.00723
0.4950 5.84685 0.01170
0.4950 6.02139 0.01980
0.4950 6.19592 0.03350

0.5050 0.08727 0.05692
0.5050 0.26180 0.09194
0.5050 0.43633 0.14375
0.5050 0.61087 0.21158
0.5050 0.78540 0.29490
0.5050 0.95993 0.38425
0.5050 1.13446 0.47255
0.5050 1.30900 0.54054
0.5050 1.48353 0.57790
0.5050 1.65806 0.57723
0.5050 1.83260 0.54219
0.5050 2.00713 0.47434
0.5050 2.18166 0.38648
0.5050 2.35619 0.29702
0.5050 2.53073 0.21413
0.5050 2.70526 0.14513
0.5050 2.87979 0.09313
0.5050 3.05433 0.05672
0.5050 3.22886 0.03380
0.5050 3.40339 0.01992
0.5050 3.57792 0.01152
0.5050 3.75246 0.00715
0.5050 3.92699 0.00433
0.5050 4.10152 0.00290
0.5050 4.27606 0.00220
0.5050 4.45059 0.00168
0.5050 4.62512 0.00151
0.5050 4.79966 0.00153
0.5050 4.97419 0.00162
0.5050 5.14872 0.00205
0.5050 5.32325 0.00287
0.5050 5.49779 0.00430
0.5050 5.67232 0.00703
0.5050 5.84685 0.01157
0.5050 6.02139 0.01956
0.5050 6.19592 0.03340

0.5150 0.08727 0.05637
0.5150 0.26180 0.09279
0.5150 0.43633 0.14368
0.5150 0.61087 0.21223
0.5150 0.78540 0.29384
0.5150 0.95993 0.38538
0.5150 1.13446 0.47322
0.5150 1.30900 0.54145
0.5150 1.48353 0.57737
0.5150 1.65806 0.57921
0.5150 1.83260 0.54289
0.5150 2.00713 0.47440
0.5150 2.18166 0.38775
0.5150 2.35619 0.29510
0.5150 2.53073 0.21218
0.5150 2.70526 0.14420
0.5150 2.87979 0.09209
0.5150 3.05433 0.05682
0.5150 3.22886 0.03365
0.5150 3.40339 0.01988
0.5150 3.57792 0.01168
0.5150 3.75246 0.00693
0.5150 3.92699 0.00426
0.5150 4.10152 0.00295
0.5150 4.27606 0.00209
0.5150 4.45059 0.00175
0.5150 4.62512 0.00152
0.5150 4.79966 0.00148
0.5150 4.97419 0.00161
0.5150 5.14872 0.00213
0.5150 5.32325 0.00293
0.5150 5.49779 0.00421
0.5150 5.67232 0.00692
0.5150 5.84685 0.01134
0.5150 6.02139 0.01955
0.5150 6.19592 0.03377

0.5250 0.08727 0.05643
0.5250 0.26180 0.09204
0.5250 0.43633 0.14325
0.5250 0.61087 0.21116
0.5250 0.78540 0.29298
0.5250 0.95993 0.38350
0.5250 1.13446 0.47292
0.5250 1.30900 0.54278
0.5250 1.48353 0.57916
0.5250 1.65806 0.58017
0.5250 1.83260 0.54528
0.5250 2.00713 0.47485
0.5250 2.18166 0.38560
0.5250 2.35619 0.29767
0.5250 2.53073 0.21253
0.5250 2.70526 0.14308
0.5250 2.87979 0.09254
0.5250 3.05433 0.05650
0.5250 3.22886 0.03321
0.5250 3.40339 0.01946
0.5250 3.57792 0.01146
0.5250 3.75246 0.00712
0.5250 3.92699 0.00446
0.5250 4.10152 0.00286
0.5250 4.27606 0.00217
0.5250 4.45059 0.00166
0.5250 4.62512 0.00154
0.5250 4.79966 0.00147
0.5250 4.97419 0.00169
0.5250 5.14872 0.00201
0.5250 5.32325 0.00273
0.5250 5.49779 0.00426
0.5250 5.67232 0.00675
0.5250 5.84685 0.01115
0.5250 6.02139 0.01957
0.5250 6.19592 0.03356

0.5350 0.08727 0.05599
0.5350 0.26180 0.09168
0.5350 0.43633 0.14263
0.5350 0.61087 0.21062
0.5350 0.78540 0.29253
0.5350 0.95993 0.38538
0.5350 1.13446 0.47291
0.5350 1.30900 0.54451
0.5350 1.48353 0.57998
0.5350 1.65806 0.58003
0.5350 1.83260 0.54542
0.5350 2.00713 0.47495
0.5350 2.18166 0.38737
0.5350 2.35619 0.29667
0.5350 2.53073 0.21218
0.5350 2.70526 0.14293
0.5350 2.87979 0.09126
0.5350 3.05433 0.05564
0.5350 3.22886 0.03304
0.5350 3.40339 0.01939
0.5350 3.57792 0.01149
0.5350 3.75246 0.00686
0.5350 3.92699 0.00437
0.5350 4.10152 0.00293
0.5350 4.27606 0.00217
0.5350 4.45059 0.00171
0.5350 4.62512 0.00152
0.5350 4.79966 0.00145
0.5350 4.97419 0.00169
0.5350 5.14872 0.00198
0.5350 5.32325 0.00268
0.5350 5.49779 0.00413
0.5350 5.67232 0.00682
0.5350 5.84685 0.01115
0.5350 6.02139 0.01994
0.5350 6.19592 0.03359

0.5450 0.08727 0.05619
0.5450 0.26180 0.09143
0.5450 0.43633 0.14169
0.5450 0.61087 0.21080
0.5450 0.78540 0.29176
0.5450 0.95993 0.38356
0.5450 1.13446 0.47337
0.5450 1.30900 0.54592
0.5450 1.48353 0.58308
0.5450 1.65806 0.58270
0.5450 1.83260 0.54757
0.5450 2.00713 0.47694
0.5450 2.18166 0.38586
0.5450 2.35619 0.29301
0.5450 2.53073 0.21030
0.5450 2.70526 0.14143
0.5450 2.87979 0.09149
0.5450 3.05433 0.05586
0.5450 3.22886 0.03271
0.5450 3.40339 0.01921
0.5450 3.57792 0.01129
0.5450 3.75246 0.00686
0.5450 3.92699 0.00433
0.5450 4.10152 0.00287
0.5450 4.27606 0.00203
0.5450 4.45059 0.00169
0.5450 4.62512 0.00158
0.5450 4.79966 0.00156
0.5450 4.97419 0.00165
0.5450 5.14872 0.00206
0.5450 5.32325 0.00282
0.5450 5.49779 0.00437
0.5450 5.67232 0.00662
0.5450 5.84685 0.01151
0.5450 6.02139 0.01993
0.5450 6.19592 0.03351

0.5550 0.08727 0.05585
0.5550 0.26180 0.09045
0.5550 0.43633 0.14111
0.5550 0.61087 0.20808
0.5550 0.78540 0.29160
0.5550 0.95993 0.38324
0.5550 1.13446 0.47443
0.5550 1.30900 0.54729
0.5550 1.48353 0.58492
0.5550 1.65806 0.58772
0.5550 1.83260 0.54937
0.5550 2.00713 0.47664
0.5550 2.18166 0.38472
0.5550 2.35619 0.29227
0.5550 2.53073 0.20937
0.5550 2.70526 0.14111
0.5550 2.87979 0.09009
0.5550 3.05433 0.05542
0.5550 3.22886 0.03269
0.5550 3.40339 0.01925
0.5550 3.57792 0.01131
0.5550 3.75246 0.00689
0.5550 3.92699 0.00414
0.5550 4.10152 0.00290
0.5550 4.27606 0.00221
0.5550 4.45059 0.00158
0.5550 4.62512 0.00155
0.5550 4.79966 0.00155
0.5550 4.97419 0.00173
0.5550 5.14872 0.00215
0.5550 5.32325 0.00300
0.5550 5.49779 0.00426
0.5550 5.67232 0.00693
0.5550 5.84685 0.01137
0.5550 6.02139 0.01925
0.5550 6.19592 0.03314

0.5650 0.08727 0.05544
0.5650 0.26180 0.08943
0.5650 0.43633 0.13942
0.5650 0.61087 0.20759
0.5650 0.78540 0.29049
0.5650 0.95993 0.38266
0.5650 1.13446 0.47312
0.5650 1.30900 0.54791
0.5650 1.48353 0.58813
0.5650 1.65806 0.58890
0.5650 1.83260 0.55212
0.5650 2.00713 0.47751
0.5650 2.18166 0.38576
0.5650 2.35619 0.29199
0.5650 2.53073 0.20843
0.5650 2.70526 0.14055
0.5650 2.87979 0.08938
0.5650 3.05433 0.05475
0.5650 3.22886 0.03253
0.5650 3.40339 0.01929
0.5650 3.57792 0.01142
0.5650 3.75246 0.00692
0.5650 3.92699 0.00423
0.5650 4.10152 0.00305
0.5650 4.27606 0.00217
0.5650 4.45059 0.00167
0.5650 4.62512 0.00154
0.5650 4.79966 0.00146
0.5650 4.97419 0.00171
0.5650 5.14872 0.00220
0.5650 5.32325 0.00289
0.5650 5.49779 0.00427
0.5650 5.67232 0.00681
0.5650 5.84685 0.01150
0.5650 6.02139 0.01938
0.5650 6.19592 0.03295

0.5750 0.08727 0.05436
0.5750 0.26180 0.08882
0.5750 0.43633 0.13786
0.5750 0.61087 0.20557
0.5750 0.78540 0.28997
0.5750 0.95993 0.38302
0.5750 1.13446 0.47509
0.5750 1.30900 0.55043
0.5750 1.48353 0.59131
0.5750 1.65806 0.59319
0.5750 1.83260 0.55271
0.5750 2.00713 0.47708
0.5750 2.18166 0.38427
0.5750 2.35619 0.29074
0.5750 2.53073 0.20715
0.5750 2.70526 0.13951
0.5750 2.87979 0.08933
0.5750 3.05433 0.05520
0.5750 3.22886 0.03235
0.5750 3.40339 0.01886
0.5750 3.57792 0.01107
0.5750 3.75246 0.00677
0.5750 3.92699 0.00418
0.5750 4.10152 0.00297
0.5750 4.27606 0.00220
0.5750 4.45059 0.00171
0.5750 4.62512 0.00150
0.5750 4.79966 0.00155
0.5750 4.97419 0.00173
0.5750 5.14872 0.00220
0.5750 5.32325 0.00294
0.5750 5.49779 0.00437
0.5750 5.67232 0.00674
0.5750 5.84685 0.01139
0.5750 6.02139 0.01903
0.5750 6.19592 0.03240

0.5850 0.08727 0.05405
0.5850 0.26180 0.08809
0.5850 0.43633 0.13772
0.5850 0.61087 0.20414
0.5850 0.78540 0.28866
0.5850 0.95993 0.38125
0.5850 1.13446 0.47550
0.5850 1.30900 0.55200
0.5850 1.48353 0.59433
0.5850 1.65806 0.59534
0.5850 1.83260 0.55644
0.5850 2.00713 0.47956
0.5850 2.18166 0.38413
0.5850 2.35619 0.29007
0.5850 2.53073 0.20597
0.5850 2.70526 0.13806
0.5850 2.87979 0.08818
0.5850 3.05433 0.05375
0.5850 3.22886 0.03222
0.5850 3.40339 0.01869
0.5850 3.57792 0.01096
0.5850 3.75246 0.00654
0.5850 3.92699 0.00420
0.5850 4.10152 0.00296
0.5850 4.27606 0.00210
0.5850 4.45059 0.00184
0.5850 4.62512 0.00150
0.5850 4.79966 0.00156
0.5850 4.97419 0.00167
0.5850 5.14872 0.00209
0.5850 5.32325 0.00285
0.5850 5.49779 0.00424
0.5850 5.67232 0.00685
0.5850 5.84685 0.01098
0.5850 6.02139 0.01892
0.5850 6.19592 0.03216

0.5950 0.08727 0.05289
0.5950 0.26180 0.08631
0.5950 0.43633 0.13600
0.5950 0.61087 0.20367
0.5950 0.78540 0.28725
0.5950 0.95993 0.38042
0.5950 1.13446 0.47540
0.5950 1.30900 0.55749
0.5950 1.48353 0.59969
0.5950 1.65806 0.59994
0.5950 1.83260 0.55902
0.5950 2.00713 0.47861
0.5950 2.18166 0.38375
0.5950 2.35619 0.28735
0.5950 2.53073 0.20470
0.5950 2.70526 0.13622
0.5950 2.87979 0.08755
0.5950 3.05433 0.05325
0.5950 3.22886 0.03184
0.5950 3.40339 0.01852
0.5950 3.57792 0.01105
0.5950 3.75246 0.00647
0.5950 3.92699 0.00419
0.5950 4.10152 0.00276
0.5950 4.27606 0.00208
0.5950 4.45059 0.00177
0.5950 4.62512 0.00160
0.5950 4.79966 0.00155
0.5950 4.97419 0.00172
0.5950 5.14872 0.00199
0.5950 5.32325 0.00277
0.5950 5.49779 0.00415
0.5950 5.67232 0.00671
0.5950 5.84685 0.01081
0.5950 6.02139 0.01862
0.5950 6.19592 0.03145

0.6050 0.08727 0.05190
0.6050 0.26180 0.08591
0.6050 0.43633 0.13362
0.6050 0.61087 0.20157
0.6050 0.78540 0.28519
0.6050 0.95993 0.37964
0.6050 1.13446 0.47769
0.6050 1.30900 0.55960
0.6050 1.48353 0.60199
0.6050 1.65806 0.60641
0.6050 1.83260 0.56201
0.6050 2.00713 0.48053
0.6050 2.18166 0.38241
0.6050 2.35619 0.28594
0.6050 2.53073 0.20297
0.6050 2.70526 0.13519
0.6050 2.87979 0.08589
0.6050 3.05433 0.05266
0.6050 3.22886 0.03118
0.6050 3.40339 0.01825
0.6050 3.57792 0.01075
0.6050 3.75246 0.00668
0.6050 3.92699 0.00410
0.6050 4.10152 0.00282
0.6050 4.27606 0.00212
0.6050 4.45059 0.00182
0.6050 4.62512 0.00163
0.6050 4.79966 0.00164
0.6050 4.97419 0.00177
0.6050 5.14872 0.00222
0.6050 5.32325 0.00282
0.6050 5.49779 0.00406
0.6050 5.67232 0.00642
0.6050 5.84685 0.01071
0.6050 6.02139 0.01826
0.6050 6.19592 0.03120

0.6150 0.08727 0.05158
0.6150 0.26180 0.08408
0.6150 0.43633 0.13217
0.6150 0.61087 0.19914
0.6150 0.78540 0.28211
0.6150 0.95993 0.38082
0.6150 1.13446 0.47653
0.6150 1.30900 0.56209
0.6150 1.48353 0.60825
0.6150 1.65806 0.61097
0.6150 1.83260 0.56606
0.6150 2.00713 0.48111
0.6150 2.18166 0.38175
0.6150 2.35619 0.28633
0.6150 2.53073 0.20051
0.6150 2.70526 0.13360
0.6150 2.87979 0.08453
0.6150 3.05433 0.05157
0.6150 3.22886 0.03042
0.6150 3.40339 0.01806
0.6150 3.57792 0.01071
0.6150 3.75246 0.00640
0.6150 3.92699 0.00405
0.6150 4.10152 0.00273
0.6150 4.27606 0.00208
0.6150 4.45059 0.00184
0.6150 4.62512 0.00163
0.6150 4.79966 0.00154
0.6150 4.97419 0.00182
0.6150 5.14872 0.00219
0.6150 5.32325 0.00282
0.6150 5.49779 0.00419
0.6150 5.67232 0.00635
0.6150 5.84685 0.01078
0.6150 6.02139 0.01818
0.6150 6.19592 0.03058

0.6250 0.08727 0.05023
0.6250 0.26180 0.08337
0.6250 0.43633 0.13122
0.6250 0.61087 0.19707
0.6250 0.78540 0.28253
0.6250 0.95993 0.37825
0.6250 1.13446 0.47936
0.6250 1.30900 0.56598
0.6250 1.48353 0.61304
0.6250 1.65806 0.61488
0.6250 1.83260 0.57017
0.6250 2.00713 0.48159
0.6250 2.18166 0.38017
0.6250 2.35619 0.28281
0.6250 2.53073 0.19793
0.6250 2.70526 0.13217
0.6250 2.87979 0.08323
0.6250 3.05433 0.05040
0.6250 3.22886 0.02998
0.6250 3.40339 0.01770
0.6250 3.57792 0.01051
0.6250 3.75246 0.00626
0.6250 3.92699 0.00404
0.6250 4.10152 0.00285
0.6250 4.27606 0.00222
0.6250 4.45059 0.00181
0.6250 4.62512 0.00165
0.6250 4.79966 0.00163
0.6250 4.97419 0.00184
0.6250 5.14872 0.00221
0.6250 5.32325 0.00295
0.6250 5.49779 0.00420
0.6250 5.67232 0.00653
0.6250 5.84685 0.01051
0.6250 6.02139 0.01782
0.6250 6.19592 0.03046

0.6350 0.08727 0.04952
0.6350 0.26180 0.08207
0.6350 0.43633 0.12996
0.6350 0.61087 0.19556
0.6350 0.78540 0.27929
0.6350 0.95993 0.37836
0.6350 1.13446 0.48101
0.6350 1.30900 0.57024
0.6350 1.48353 0.61932
0.6350 1.65806 0.62095
0.6350 1.83260 0.57420
0.6350 2.00713 0.48321
0.6350 2.18166 0.37973
0.6350 2.35619 0.27919
0.6350 2.53073 0.19515
0.6350 2.70526 0.12863
0.6350 2.87979 0.08124
0.6350 3.05433 0.04920
0.6350 3.22886 0.02946
0.6350 3.40339 0.01714
0.6350 3.57792 0.01015
0.6350 3.75246 0.00648
0.6350 3.92699 0.00417
0.6350 4.10152 0.00291
0.6350 4.27606 0.00221
0.6350 4.45059 0.00194
0.6350 4.62512 0.00169
0.6350 4.79966 0.00171
0.6350 4.97419 0.00193
0.6350 5.14872 0.00234
0.6350 5.32325 0.00296
0.6350 5.49779 0.00418
0.6350 5.67232 0.00632
0.6350 5.84685 0.01030
0.6350 6.02139 0.01729
0.6350 6.19592 0.02960

0.6450 0.08727 0.04887
0.6450 0.26180 0.08033
0.6450 0.43633 0.12837
0.6450 0.61087 0.19331
0.6450 0.78540 0.27737
0.6450 0.95993 0.37769
0.6450 1.13446 0.48132
0.6450 1.30900 0.57499
0.6450 1.48353 0.62584
0.6450 1.65806 0.62632
0.6450 1.83260 0.57882
0.6450 2.00713 0.48344
0.6450 2.18166 0.37780
0.6450 2.35619 0.27788
0.6450 2.53073 0.19246
0.6450 2.70526 0.12586
0.6450 2.87979 0.07992
0.6450 3.05433 0.04853
0.6450 3.22886 0.02871
0.6450 3.40339 0.01705
0.6450 3.57792 0.01001
0.6450 3.75246 0.00631
0.6450 3.92699 0.00402
0.6450 4.10152 0.00274
0.6450 4.27606 0.00218
0.6450 4.45059 0.00192
0.6450 4.62512 0.00180
0.6450 4.79966 0.00177
0.6450 4.97419 0.00191
0.6450 5.14872 0.00228
0.6450 5.32325 0.00289
0.6450 5.49779 0.00418
0.6450 5.67232 0.00614
0.6450 5.84685 0.01037
0.6450 6.02139 0.01713
0.6450 6.19592 0.02905

0.6550 0.08727 0.04771
0.6550 0.26180 0.07868
0.6550 0.43633 0.12551
0.6550 0.61087 0.19042
0.6550 0.78540 0.27551
0.6550 0.95993 0.37579
0.6550 1.13446 0.48295
0.6550 1.30900 0.58076
0.6550 1.48353 0.63277
0.6550 1.65806 0.63512
0.6550 1.83260 0.58115
0.6550 2.00713 0.48395
0.6550 2.18166 0.37603
0.6550 2.35619 0.27552
0.6550 2.53073 0.18992
0.6550 2.70526 0.12424
0.6550 2.87979 0.07749
0.6550 3.05433 0.04781
0.6550 3.22886 0.02844
0.6550 3.40339 0.01683
0.6550 3.57792 0.01011
0.6550 3.75246 0.00616
0.6550 3.92699 0.00400
0.6550 4.10152 0.00285
0.6550 4.27606 0.00218
0.6550 4.45059 0.00186
0.6550 4.62512 0.00167
0.6550 4.79966 0.00170
0.6550 4.97419 0.00188
0.6550 5.14872 0.00225
0.6550 5.32325 0.00276
0.6550 5.49779 0.00402
0.6550 5.67232 0.00617
0.6550 5.84685 0.01012
0.6550 6.02139 0.01667
0.6550 6.19592 0.02857

0.6650 0.08727 0.04634
0.6650 0.26180 0.07663
0.6650 0.43633 0.12188
0.6650 0.61087 0.18782
0.6650 0.78540 0.27226
0.6650 0.95993 0.37390
0.6650 1.13446 0.48403
0.6650 1.30900 0.58546
0.6650 1.48353 0.64062
0.6650 1.65806 0.64228
0.6650 1.83260 0.58733
0.6650 2.00713 0.48718
0.6650 2.18166 0.37614
0.6650 2.35619 0.27290
0.6650 2.53073 0.18598
0.6650 2.70526 0.12116
0.6650 2.87979 0.07592
0.6650 3.05433 0.04674
0.6650 3.22886 0.02748
0.6650 3.40339 0.01617
0.6650 3.57792 0.00987
0.6650 3.75246 0.00640
0.6650 3.92699 0.00409
0.6650 4.10152 0.00292
0.6650 4.27606 0.00219
0.6650 4.45059 0.00186
0.6650 4.62512 0.00172
0.6650 4.79966 0.00168
0.6650 4.97419 0.00183
0.6650 5.14872 0.00216
0.6650 5.32325 0.00284
0.6650 5.49779 0.00397
0.6650 5.67232 0.00619
0.6650 5.84685 0.00982
0.6650 6.02139 0.01650
0.6650 6.19592 0.02735

0.6750 0.08727 0.04477
0.6750 0.26180 0.07418
0.6750 0.43633 0.11917
0.6750 0.61087 0.18296
0.6750 0.78540 0.26931
0.6750 0.95993 0.37361
0.6750 1.13446 0.48734
0.6750 1.30900 0.59102
0.6750 1.48353 0.64906
0.6750 1.65806 0.64858
0.6750 1.83260 0.59288
0.6750 2.00713 0.48856
0.6750 2.18166 0.37403
0.6750 2.35619 0.27059
0.6750 2.53073 0.18345
0.6750 2.70526 0.11887
0.6750 2.87979 0.07394
0.6750 3.05433 0.04512
0.6750 3.22886 0.02680
0.6750 3.40339 0.01608
0.6750 3.57792 0.00954
0.6750 3.75246 0.00635
0.6750 3.92699 0.00411
0.6750 4.10152 0.00289
0.6750 4.27606 0.00221
0.6750 4.45059 0.00187
0.6750 4.62512 0.00173
0.6750 4.79966 0.00174
0.6750 4.97419 0.00179
0.6750 5.14872 0.00217
0.6750 5.32325 0.00275
0.6750 5.49779 0.00399
0.6750 5.67232 0.00602
0.6750 5.84685 0.00955
0.6750 6.02139 0.01586
0.6750 6.19592 0.02669

0.6850 0.08727 0.04315
0.6850 0.26180 0.07150
0.6850 0.43633 0.11578
0.6850 0.61087 0.17914
0.6850 0.78540 0.26556
0.6850 0.95993 0.37150
0.6850 1.13446 0.49057
0.6850 1.30900 0.60123
0.6850 1.48353 0.65767
0.6850 1.65806 0.65703
0.6850 1.83260 0.59854
0.6850 2.00713 0.49134
0.6850 2.18166 0.37206
0.6850 2.35619 0.26529
0.6850 2.53073 0.18011
0.6850 2.70526 0.11528
0.6850 2.87979 0.07154
0.6850 3.05433 0.04332
0.6850 3.22886 0.02597
0.6850 3.40339 0.01547
0.6850 3.57792 0.00934
0.6850 3.75246 0.00605
0.6850 3.92699 0.00411
0.6850 4.10152 0.00285
0.6850 4.27606 0.00227
0.6850 4.45059 0.00199
0.6850 4.62512 0.00183
0.6850 4.79966 0.00172
0.6850 4.97419 0.00192
0.6850 5.14872 0.00217
0.6850 5.32325 0.00287
0.6850 5.49779 0.00397
0.6850 5.67232 0.00595
0.6850 5.84685 0.00940
0.6850 6.02139 0.01538
0.6850 6.19592 0.02570

0.6950 0.08727 0.04136
0.6950 0.26180 0.06891
0.6950 0.43633 0.11130
0.6950 0.61087 0.17468
0.6950 0.78540 0.26034
0.6950 0.95993 0.36993
0.6950 1.13446 0.49248
0.6950 1.30900 0.60833
0.6950 1.48353 0.66895
0.6950 1.65806 0.66680
0.6950 1.83260 0.60943
0.6950 2.00713 0.49336
0.6950 2.18166 0.36925
0.6950 2.35619 0.26117
0.6950 2.53073 0.17487
0.6950 2.70526 0.11226
0.6950 2.87979 0.06904
0.6950 3.05433 0.04164
0.6950 3.22886 0.02459
0.6950 3.40339 0.01493
0.6950 3.57792 0.00908
0.6950 3.75246 0.00586
0.6950 3.92699 0.00393
0.6950 4.10152 0.00289
0.6950 4.27606 0.00219
0.6950 4.45059 0.00195
0.6950 4.62512 0.00191
0.6950 4.79966 0.00188
0.6950 4.97419 0.00207
0.6950 5.14872 0.00228
0.6950 5.32325 0.00293
0.6950 5.49779 0.00412
0.6950 5.67232 0.00591
0.6950 5.84685 0.00917
0.6950 6.02139 0.01507
0.6950 6.19592 0.02472

0.7050 0.08727 0.03923
0.7050 0.26180 0.06586
0.7050 0.43633 0.10693
0.7050 0.61087 0.16858
0.7050 0.78540 0.25433
0.7050 0.95993 0.36709
0.7050 1.13446 0.49840
0.7050 1.30900 0.61864
0.7050 1.48353 0.67716
0.7050 1.65806 0.68005
0.7050 1.83260 0.61965
0.7050 2.00713 0.49770
0.7050 2.18166 0.36774
0.7050 2.35619 0.25500
0.7050 2.53073 0.16925
0.7050 2.70526 0.10649
0.7050 2.87979 0.06558
0.7050 3.05433 0.03914
0.7050 3.22886 0.02333
0.7050 3.40339 0.01434
0.7050 3.57792 0.00887
0.7050 3.75246 0.00571
0.7050 3.92699 0.00405
0.7050 4.10152 0.00303
0.7050 4.27606 0.00254
0.7050 4.45059 0.00218
0.7050 4.62512 0.00200
0.7050 4.79966 0.00206
0.7050 4.97419 0.00221
0.7050 5.14872 0.00253
0.7050 5.32325 0.00303
0.7050 5.49779 0.00401
0.7050 5.67232 0.00607
0.7050 5.84685 0.00900
0.7050 6.02139 0.01447
0.7050 6.19592 0.02334

0.7150 0.08727 0.03689
0.7150 0.26180 0.06151
0.7150 0.43633 0.10121
0.7150 0.61087 0.16236
0.7150 0.78540 0.25064
0.7150 0.95993 0.36663
0.7150 1.13446 0.50319
0.7150 1.30900 0.62995
0.7150 1.48353 0.69149
0.7150 1.65806 0.69093
0.7150 1.83260 0.62810
0.7150 2.00713 0.50008
0.7150 2.18166 0.36417
0.7150 2.35619 0.25045
0.7150 2.53073 0.16325
0.7150 2.70526 0.10083
0.7150 2.87979 0.06137
0.7150 3.05433 0.03681
0.7150 3.22886 0.02227
0.7150 3.40339 0.01364
0.7150 3.57792 0.00866
0.7150 3.75246 0.00591
0.7150 3.92699 0.00420
0.7150 4.10152 0.00309
0.7150 4.27606 0.00260
0.7150 4.45059 0.00225
0.7150 4.62512 0.00209
0.7150 4.79966 0.00202
0.7150 4.97419 0.00233
0.7150 5.14872 0.00245
0.7150 5.32325 0.00315
0.7150 5.49779 0.00423
0.7150 5.67232 0.00605
0.7150 5.84685 0.00889
0.7150 6.02139 0.01372
0.7150 6.19592 0.02217

0.7250 0.08727 0.03458
0.7250 0.26180 0.05705
0.7250 0.43633 0.09600
0.7250 0.61087 0.15549
0.7250 0.78540 0.24475
0.7250 0.95993 0.36501
0.7250 1.13446 0.50971
0.7250 1.30900 0.64346
0.7250 1.48353 0.70175
0.7250 1.65806 0.70001
0.7250 1.83260 0.64116
0.7250 2.00713 0.50650
0.7250 2.18166 0.36275
0.7250 2.35619 0.24147
0.7250 2.53073 0.15561
0.7250 2.70526 0.09521
0.7250 2.87979 0.05672
0.7250 3.05433 0.03467
0.7250 3.22886 0.02080
0.7250 3.40339 0.01279
0.7250 3.57792 0.00859
0.7250 3.75246 0.00591
0.7250 3.92699 0.00441
0.7250 4.10152 0.00335
0.7250 4.27606 0.00299
0.7250 4.45059 0.00256
0.7250 4.62512 0.00219
0.7250 4.79966 0.00230
0.7250 4.97419 0.00254
0.7250 5.14872 0.00295
0.7250 5.32325 0.00351
0.7250 5.49779 0.00425
0.7250 5.67232 0.00588
0.7250 5.84685 0.00855
0.7250 6.02139 0.01327
0.7250 6.19592 0.02085

0.7350 0.08727 0.03163
0.7350 0.26180 0.05270
0.7350 0.43633 0.08903
0.7350 0.61087 0.14694
0.7350 0.78540 0.23669
0.7350 0.95993 0.36186
0.7350 1.13446 0.51830
0.7350 1.30900 0.65580
0.7350 1.48353 0.71055
0.7350 1.65806 0.71098
0.7350 1.83260 0.65409
0.7350 2.00713 0.51874
0.7350 2.18166 0.36276
0.7350 2.35619 0.23616
0.7350 2.53073 0.14745
0.7350 2.70526 0.08753
0.7350 2.87979 0.05196
0.7350 3.05433 0.03119
0.7350 3.22886 0.01908
0.7350 3.40339 0.01203
0.7350 3.57792 0.00805
0.7350 3.75246 0.00578
0.7350 3.92699 0.00458
0.7350 4.10152 0.00388
0.7350 4.27606 0.00321
0.7350 4.45059 0.00316
0.7350 4.62512 0.00281
0.7350 4.79966 0.00290
0.7350 4.97419 0.00311
0.7350 5.14872 0.00330
0.7350 5.32325 0.00350
0.7350 5.49779 0.00436
0.7350 5.67232 0.00575
0.7350 5.84685 0.00828
0.7350 6.02139 0.01234
0.7350 6.19592 0.01913

0.7450 0.08727 0.02826
0.7450 0.26180 0.04808
0.7450 0.43633 0.08171
0.7450 0.61087 0.13858
0.7450 0.78540 0.23008
0.7450 0.95993 0.36397
0.7450 1.13446 0.53371
0.7450 1.30900 0.66778
0.7450 1.48353 0.71446
0.7450 1.65806 0.71254
0.7450 1.83260 0.66401
0.7450 2.00713 0.53124
0.7450 2.18166 0.36555
0.7450 2.35619 0.23161
0.7450 2.53073 0.13906
0.7450 2.70526 0.08232
0.7450 2.87979 0.04754
0.7450 3.05433 0.02726
0.7450 3.22886 0.01709
0.7450 3.40339 0.01091
0.7450 3.57792 0.00747
0.7450 3.75246 0.00571
0.7450 3.92699 0.00429
0.7450 4.10152 0.00392
0.7450 4.27606 0.00372
0.7450 4.45059 0.00375
0.7450 4.62512 0.00336
0.7450 4.79966 0.00339
0.7450 4.97419 0.00376
0.7450 5.14872 0.00376
0.7450 5.32325 0.00421
0.7450 5.49779 0.00447
0.7450 5.67232 0.00575
0.7450 5.84685 0.00803
0.7450 6.02139 0.01125
0.7450 6.19592 0.01696

0.7550 0.08727 0.02449
0.7550 0.26180 0.04391
0.7550 0.43633 0.07852
0.7550 0.61087 0.14016
0.7550 0.78540 0.23725
0.7550 0.95993 0.38131
0.7550 1.13446 0.55547
0.7550 1.30900 0.66400
0.7550 1.48353 0.68171
0.7550 1.65806 0.68071
0.7550 1.83260 0.66464
0.7550 2.00713 0.55623
0.7550 2.18166 0.37987
0.7550 2.35619 0.23693
0.7550 2.53073 0.13757
0.7550 2.70526 0.07865
0.7550 2.87979 0.04501
0.7550 3.05433 0.02611
0.7550 3.22886 0.01477
0.7550 3.40339 0.00965
0.7550 3.57792 0.00687
0.7550 3.75246 0.00521
0.7550 3.92699 0.00472
0.7550 4.10152 0.00440
0.7550 4.27606 0.00432
0.7550 4.45059 0.00418
0.7550 4.62512 0.00371
0.7550 4.79966 0.00422
0.7550 4.97419 0.00422
0.7550 5.14872 0.00447
0.7550 5.32325 0.00435
0.7550 5.49779 0.00462
0.7550 5.67232 0.00525
0.7550 5.84685 0.00688
0.7550 6.02139 0.00955
0.7550 6.19592 0.01565

0.7650 0.08727 0.02834
0.7650 0.26180 0.05205
0.7650 0.43633 0.09342
0.7650 0.61087 0.16852
0.7650 0.78540 0.28488
0.7650 0.95993 0.45595
0.7650 1.13446 0.60270
0.7650 1.30900 0.59438
0.7650 1.48353 0.52197
0.7650 1.65806 0.52455
0.7650 1.83260 0.59889
0.7650 2.00713 0.60480
0.7650 2.18166 0.45409
0.7650 2.35619 0.28717
0.7650 2.53073 0.16417
0.7650 2.70526 0.09223
0.7650 2.87979 0.04970
0.7650 3.05433 0.02834
0.7650 3.22886 0.01581
0.7650 3.40339 0.00954
0.7650 3.57792 0.00741
0.7650 3.75246 0.00509
0.7650 3.92699 0.00501
0.7650 4.10152 0.00493
0.7650 4.27606 0.00481
0.7650 4.45059 0.00402
0.7650 4.62512 0.00344
0.7650 4.79966 0.00364
0.7650 4.97419 0.00410
0.7650 5.14872 0.00445
0.7650 5.32325 0.00482
0.7650 5.49779 0.00549
0.7650 5.67232 0.00582
0.7650 5.84685 0.00840
0.7650 6.02139 0.01040
0.7650 6.19592 0.01623

0.7750 0.08727 0.06889
0.7750 0.26180 0.12463
0.7750 0.43633 0.20362
0.7750 0.61087 0.32757
0.7750 0.78540 0.49128
0.7750 0.95993 0.66669
0.7750 1.13446 0.54963
0.7750 1.30900 0.23231
0.7750 1.48353 0.08647
0.7750 1.65806 0.08894
0.7750 1.83260 0.23052
0.7750 2.00713 0.56347
0.7750 2.18166 0.66892
0.7750 2.35619 0.49924
0.7750 2.53073 0.32393
0.7750 2.70526 0.20274
0.7750 2.87979 0.11929
0.7750 3.05433 0.06904
0.7750 3.22886 0.04141
0.7750 3.40339 0.02287
0.7750 3.57792 0.01408
0.7750 3.75246 0.00937
0.7750 3.92699 0.00723
0.7750 4.10152 0.00699
0.7750 4.27606 0.00422
0.7750 4.45059 0.00126
0.7750 4.62512 0.00049
0.7750 4.79966 0.00034
0.7750 4.97419 0.00117
0.7750 5.14872 0.00369
0.7750 5.32325 0.00466
0.7750 5.49779 0.00825
0.7750 5.67232 0.01044
0.7750 5.84685 0.01316
0.7750 6.02139 0.02326
0.7750 6.19592 0.03952

0.7850 0.08727 0.29131
0.7850 0.26180 0.42021
0.7850 0.43633 0.53892
0.7850 0.61087 0.56684
0.7850 0.78540 0.46100
0.7850 0.95993 0.23717
0.7850 1.13446 0.02185
0.7850 1.30900 0.00049
0.7850 1.48353 0.00000
0.7850 1.65806 0.00000
0.7850 1.83260 0.00073
0.7850 2.00713 0.02112
0.7850 2.18166 0.23548
0.7850 2.35619 0.49547
0.7850 2.53073 0.57607
0.7850 2.70526 0.53407
0.7850 2.87979 0.41269
0.7850 3.05433 0.29082
0.7850 3.22886 0.15876
0.7850 3.40339 0.08278
0.7850 3.57792 0.04394
0.7850 3.75246 0.01675
0.7850 3.92699 0.00777
0.7850 4.10152 0.00340
0.7850 4.27606 0.00073
0.7850 4.45059 0.00000
0.7850 4.62512 0.00000
0.7850 4.79966 0.00000
0.7850 4.97419 0.00024
0.7850 5.14872 0.00049
0.7850 5.32325 0.00146
0.7850 5.49779 0.00801
0.7850 5.67232 0.01626
0.7850 5.84685 0.04175
0.7850 6.02139 0.07720
0.7850 6.19592 0.16580

0.7950 0.08727 0.50602
0.7950 0.26180 0.66184
0.7950 0.43633 0.63528
0.7950 0.61087 0.39380
0.7950 0.78540 0.04710
0.7950 0.95993 0.00100
0.7950 1.13446 0.00050
0.7950 1.30900 0.00050
0.7950 1.48353 0.00000
0.7950 1.65806 0.00050
0.7950 1.83260 0.00000
0.7950 2.00713 0.00000
0.7950 2.18166 0.00100
0.7950 2.35619 0.04359
0.7950 2.53073 0.38277
0.7950 2.70526 0.67937
0.7950 2.87979 0.68037
0.7950 3.05433 0.56464
0.7950 3.22886 0.30361
0.7950 3.40339 0.15732
0.7950 3.57792 0.06413
0.7950 3.75246 0.02305
0.7950 3.92699 0.00000
0.7950 4.10152 0.00050
0.7950 4.27606 0.00050
0.7950 4.45059 0.00000
0.7950 4.62512 0.00000
0.7950 4.79966 0.00000
0.7950 4.97419 0.00050
0.7950 5.14872 0.00000
0.7950 5.32325 0.00000
0.7950 5.49779 0.00200
0.7950 5.67232 0.01954
0.7950 5.84685 0.06313
0.7950 6.02139 0.17586
0.7950 6.19592 0.32115

0.8050 0.08727 0.56410
0.8050 0.26180 0.69463
0.8050 0.43633 0.63757
0.8050 0.61087 0.33518
0.8050 0.78540 0.01377
0.8050 0.95993 0.00000
0.8050 1.13446 0.00000
0.8050 1.30900 0.00000
0.8050 1.48353 0.00000
0.8050 1.65806 0.00000
0.8050 1.83260 0.00000
0.8050 2.00713 0.00066
0.8050 2.18166 0.00000
0.8050 2.35619 0.01246
0.8050 2.53073 0.31419
0.8050 2.70526 0.65134
0.8050 2.87979 0.74252
0.8050 3.05433 0.54902
0.8050 3.22886 0.32731
0.8050 3.40339 0.16923
0.8050 3.57792 0.06953
0.8050 3.75246 0.01443
0.8050 3.92699 0.00000
0.8050 4.10152 0.00000
0.8050 4.27606 0.00000
0.8050 4.45059 0.00000
0.8050 4.62512 0.00000
0.8050 4.79966 0.00066
0.8050 4.97419 0.00066
0.8050 5.14872 0.00000
0.8050 5.32325 0.00000
0.8050 5.49779 0.00131
0.8050 5.67232 0.02361
0.8050 5.84685 0.07609
0.8050 6.02139 0.18366
0.8050 6.19592 0.34764

0.8150 0.08727 0.60908
0.8150 0.26180 0.71974
0.8150 0.43633 0.64566
0.8150 0.61087 0.26613
0.8150 0.78540 0.01097
0.8150 0.95993 0.00091
0.8150 1.13446 0.00000
0.8150 1.30900 0.00000
0.8150 1.48353 0.00000
0.8150 1.65806 0.00091
0.8150 1.83260 0.00000
0.8150 2.00713 0.00000
0.8150 2.18166 0.00000
0.8150 2.35619 0.00915
0.8150 2.53073 0.28351
0.8150 2.70526 0.63377
0.8150 2.87979 0.67127
0.8150 3.05433 0.54964
0.8150 3.22886 0.35027
0.8150 3.40339 0.18199
0.8150 3.57792 0.08231
0.8150 3.75246 0.02286
0.8150 3.92699 0.00000
0.8150 4.10152 0.00091
0.8150 4.27606 0.00000
0.8150 4.45059 0.00000
0.8150 4.62512 0.00000
0.8150 4.79966 0.00000
0.8150 4.97419 0.00000
0.8150 5.14872 0.00000
0.8150 5.32325 0.00000
0.8150 5.49779 0.00000
0.8150 5.67232 0.01738
0.8150 5.84685 0.06493
0.8150 6.02139 0.21034
0.8150 6.19592 0.39782

0.8250 0.08727 0.61288
0.8250 0.26180 0.69441
0.8250 0.43633 0.59882
0.8250 0.61087 0.27551
0.8250 0.78540 0.02249
0.8250 0.95993 0.00000
0.8250 1.13446 0.00141
0.8250 1.30900 0.00000
0.8250 1.48353 0.00000
0.8250 1.65806 0.00000
0.8250 1.83260 0.00000
0.8250 2.00713 0.00000
0.8250 2.18166 0.00141
0.8250 2.35619 0.01968
0.8250 2.53073 0.24740
0.8250 2.70526 0.57633
0.8250 2.87979 0.66770
0.8250 3.05433 0.59601
0.8250 3.22886 0.37391
0.8250 3.40339 0.18414
0.8250 3.57792 0.09137
0.8250 3.75246 0.01827
0.8250 3.92699 0.00281
0.8250 4.10152 0.00000
0.8250 4.27606 0.00000
0.8250 4.45059 0.00000
0.8250 4.62512 0.00000
0.8250 4.79966 0.00000
0.8250 4.97419 0.00000
0.8250 5.14872 0.00000
0.8250 5.32325 0.00000
0.8250 5.49779 0.00000
0.8250 5.67232 0.01827
0.8250 5.84685 0.08434
0.8250 6.02139 0.20101
0.8250 6.19592 0.44139

0.8350 0.08727 0.54820
0.8350 0.26180 0.58578
0.8350 0.43633 0.48189
0.8350 0.61087 0.29621
0.8350 0.78540 0.16800
0.8350 0.95993 0.05526
0.8350 1.13446 0.01105
0.8350 1.30900 0.00000
0.8350 1.48353 0.00000
0.8350 1.65806 0.00000
0.8350 1.83260 0.00000
0.8350 2.00713 0.03316
0.8350 2.18166 0.05305
0.8350 2.35619 0.13042
0.8350 2.53073 0.34926
0.8350 2.70526 0.44431
0.8350 2.87979 0.55925
0.8350 3.05433 0.47968
0.8350 3.22886 0.40231
0.8350 3.40339 0.19010
0.8350 3.57792 0.08179
0.8350 3.75246 0.01105
0.8350 3.92699 0.01547
0.8350 4.10152 0.00221
0.8350 4.27606 0.00221
0.8350 4.45059 0.00000
0.8350 4.62512 0.00000
0.8350 4.79966 0.00000
0.8350 4.97419 0.00000
0.8350 5.14872 0.00663
0.8350 5.32325 0.00221
0.8350 5.49779 0.01547
0.8350 5.67232 0.02432
0.8350 5.84685 0.10831
0.8350 6.02139 0.26305
0.8350 6.19592 0.40894

0.8450 0.08727 0.21931
0.8450 0.26180 0.30351
0.8450 0.43633 0.29372
0.8450 0.61087 0.30547
0.8450 0.78540 0.33289
0.8450 0.95993 0.39946
0.8450 1.13446 0.35247
0.8450 1.30900 0.21344
0.8450 1.48353 0.11553
0.8450 1.65806 0.08224
0.8450 1.83260 0.16644
0.8450 2.00713 0.29177
0.8450 2.18166 0.33093
0.8450 2.35619 0.27610
0.8450 2.53073 0.26239
0.8450 2.70526 0.27218
0.8450 2.87979 0.28589
0.8450 3.05433 0.23890
0.8450 3.22886 0.16253
0.8450 3.40339 0.11553
0.8450 3.57792 0.05679
0.8450 3.75246 0.03525
0.8450 3.92699 0.03329
0.8450 4.10152 0.01762
0.8450 4.27606 0.02154
0.8450 4.45059 0.02154
0.8450 4.62512 0.00587
0.8450 4.79966 0.00196
0.8450 4.97419 0.00979
0.8450 5.14872 0.01567
0.8450 5.32325 0.04112
0.8450 5.49779 0.03721
0.8450 5.67232 0.03916
0.8450 5.84685 0.05874
0.8450 6.02139 0.13120
0.8450 6.19592 0.18211

0.8550 0.08727 0.07221
0.8550 0.26180 0.10176
0.8550 0.43633 0.15017
0.8550 0.61087 0.20269
0.8550 0.78540 0.25768
0.8550 0.95993 0.37010
0.8550 1.13446 0.51125
0.8550 1.30900 0.51289
0.8550 1.48353 0.49483
0.8550 1.65806 0.48909
0.8550 1.83260 0.46857
0.8550 2.00713 0.45298
0.8550 2.18166 0.31512
0.8550 2.35619 0.23470
0.8550 2.53073 0.17561
0.8550 2.70526 0.13212
0.8550 2.87979 0.10914
0.8550 3.05433 0.07304
0.8550 3.22886 0.06483
0.8550 3.40339 0.03611
0.8550 3.57792 0.03200
0.8550 3.75246 0.01805
0.8550 3.92699 0.02790
0.8550 4.10152 0.03118
0.8550 4.27606 0.04431
0.8550 4.45059 0.03775
0.8550 4.62512 0.03282
0.8550 4.79966 0.03447
0.8550 4.97419 0.03693
0.8550 5.14872 0.02790
0.8550 5.32325 0.03365
0.8550 5.49779 0.01559
0.8550 5.67232 0.02298
0.8550 5.84685 0.03775
0.8550 6.02139 0.02708
0.8550 6.19592 0.04431

0.8650 0.08727 0.04910
0.8650 0.26180 0.07082
0.8650 0.43633 0.09298
0.8650 0.61087 0.14773
0.8650 0.78540 0.23375
0.8650 0.95993 0.33412
0.8650 1.13446 0.46447
0.8650 1.30900 0.61089
0.8650 1.48353 0.65694
0.8650 1.65806 0.61914
0.8650 1.83260 0.56918
0.8650 2.00713 0.46186
0.8650 2.18166 0.31544
0.8650 2.35619 0.22680
0.8650 2.53073 0.15337
0.8650 2.70526 0.10819
0.8650 2.87979 0.06170
0.8650 3.05433 0.05127
0.8650 3.22886 0.03693
0.8650 3.40339 0.02998
0.8650 3.57792 0.02477
0.8650 3.75246 0.01521
0.8650 3.92699 0.02086
0.8650 4.10152 0.02086
0.8650 4.27606 0.01868
0.8650 4.45059 0.03259
0.8650 4.62512 0.02998
0.8650 4.79966 0.03128
0.8650 4.97419 0.03519
0.8650 5.14872 0.03954
0.8650 5.32325 0.03128
0.8650 5.49779 0.02563
0.8650 5.67232 0.02390
0.8650 5.84685 0.02042
0.8650 6.02139 0.03215
0.8650 6.19592 0.03259

0.8750 0.08727 0.04541
0.8750 0.26180 0.05698
0.8750 0.43633 0.09845
0.8750 0.61087 0.14499
0.8750 0.78540 0.21325
0.8750 0.95993 0.33878
0.8750 1.13446 0.46938
0.8750 1.30900 0.60111
0.8750 1.48353 0.67981
0.8750 1.65806 0.67868
0.8750 1.83260 0.58559
0.8750 2.00713 0.47474
0.8750 2.18166 0.32326
0.8750 2.35619 0.22030
0.8750 2.53073 0.14724
0.8750 2.70526 0.09675
0.8750 2.87979 0.05952
0.8750 3.05433 0.03921
0.8750 3.22886 0.03046
0.8750 3.40339 0.03159
0.8750 3.57792 0.01975
0.8750 3.75246 0.02228
0.8750 3.92699 0.02341
0.8750 4.10152 0.02031
0.8750 4.27606 0.02257
0.8750 4.45059 0.02200
0.8750 4.62512 0.02003
0.8750 4.79966 0.02426
0.8750 4.97419 0.03159
0.8750 5.14872 0.02482
0.8750 5.32325 0.02849
0.8750 5.49779 0.02257
0.8750 5.67232 0.02257
0.8750 5.84685 0.02398
0.8750 6.02139 0.02708
0.8750 6.19592 0.03836

0.8850 0.08727 0.04458
0.8850 0.26180 0.06046
0.8850 0.43633 0.11244
0.8850 0.61087 0.16681
0.8850 0.78540 0.24967
0.8850 0.95993 0.35058
0.8850 1.13446 0.48303
0.8850 1.30900 0.62874
0.8850 1.48353 0.66310
0.8850 1.65806 0.68311
0.8850 1.83260 0.58677
0.8850 2.00713 0.42909
0.8850 2.18166 0.33405
0.8850 2.35619 0.23553
0.8850 2.53073 0.14832
0.8850 2.70526 0.09221
0.8850 2.87979 0.06372
0.8850 3.05433 0.04502
0.8850 3.22886 0.02914
0.8850 3.40339 0.02044
0.8850 3.57792 0.01849
0.8850 3.75246 0.01805
0.8850 3.92699 0.01827
0.8850 4.10152 0.01979
0.8850 4.27606 0.01936
0.8850 4.45059 0.01370
0.8850 4.62512 0.01479
0.8850 4.79966 0.01348
0.8850 4.97419 0.01805
0.8850 5.14872 0.01653
0.8850 5.32325 0.01870
0.8850 5.49779 0.01827
0.8850 5.67232 0.01936
0.8850 5.84685 0.02153
0.8850 6.02139 0.02327
0.8850 6.19592 0.03110

0.8950 0.08727 0.04890
0.8950 0.26180 0.07764
0.8950 0.43633 0.12083
0.8950 0.61087 0.16830
0.8950 0.78540 0.26628
0.8950 0.95993 0.35731
0.8950 1.13446 0.47742
0.8950 1.30900 0.58183
0.8950 1.48353 0.64465
0.8950 1.65806 0.64661
0.8950 1.83260 0.57897
0.8950 2.00713 0.45404
0.8950 2.18166 0.36302
0.8950 2.35619 0.24862
0.8950 2.53073 0.17062
0.8950 2.70526 0.10548
0.8950 2.87979 0.07335
0.8950 3.05433 0.04658
0.8950 3.22886 0.03105
0.8950 3.40339 0.02338
0.8950 3.57792 0.01856
0.8950 3.75246 0.01588
0.8950 3.92699 0.01624
0.8950 4.10152 0.01392
0.8950 4.27606 0.01231
0.8950 4.45059 0.00696
0.8950 4.62512 0.00946
0.8950 4.79966 0.00767
0.8950 4.97419 0.01107
0.8950 5.14872 0.01053
0.8950 5.32325 0.01410
0.8950 5.49779 0.01499
0.8950 5.67232 0.01731
0.8950 5.84685 0.01838
0.8950 6.02139 0.02302
0.8950 6.19592 0.03427

0.9050 0.08727 0.04973
0.9050 0.26180 0.07630
0.9050 0.43633 0.13008
0.9050 0.61087 0.18467
0.9050 0.78540 0.27733
0.9050 0.95993 0.36480
0.9050 1.13446 0.48613
0.9050 1.30900 0.57863
0.9050 1.48353 0.62398
0.9050 1.65806 0.61410
0.9050 1.83260 0.56470
0.9050 2.00713 0.44531
0.9050 2.18166 0.37825
0.9050 2.35619 0.26696
0.9050 2.53073 0.17430
0.9050 2.70526 0.12749
0.9050 2.87979 0.07338
0.9050 3.05433 0.04892
0.9050 3.22886 0.03272
0.9050 3.40339 0.02397
0.9050 3.57792 0.01879
0.9050 3.75246 0.01620
0.9050 3.92699 0.01442
0.9050 4.10152 0.00891
0.9050 4.27606 0.00680
0.9050 4.45059 0.00794
0.9050 4.62512 0.00567
0.9050 4.79966 0.00648
0.9050 4.97419 0.00648
0.9050 5.14872 0.00907
0.9050 5.32325 0.00907
0.9050 5.49779 0.00988
0.9050 5.67232 0.01328
0.9050 5.84685 0.01847
0.9050 6.02139 0.01944
0.9050 6.19592 0.03693

0.9150 0.08727 0.05270
0.9150 0.26180 0.09469
0.9150 0.43633 0.13816
0.9150 0.61087 0.20203
0.9150 0.78540 0.28749
0.9150 0.95993 0.37340
0.9150 1.13446 0.45052
0.9150 1.30900 0.54937
0.9150 1.48353 0.60714
0.9150 1.65806 0.59583
0.9150 1.83260 0.55488
0.9150 2.00713 0.47359
0.9150 2.18166 0.36819
0.9150 2.35619 0.27781
0.9150 2.53073 0.19444
0.9150 2.70526 0.12878
0.9150 2.87979 0.08189
0.9150 3.05433 0.05658
0.9150 3.22886 0.03499
0.9150 3.40339 0.02486
0.9150 3.57792 0.01831
0.9150 3.75246 0.01414
0.9150 3.92699 0.01027
0.9150 4.10152 0.00685
0.9150 4.27606 0.00610
0.9150 4.45059 0.00447
0.9150 4.62512 0.00417
0.9150 4.79966 0.00566
0.9150 4.97419 0.00670
0.9150 5.14872 0.00476
0.9150 5.32325 0.00715
0.9150 5.49779 0.00774
0.9150 5.67232 0.00953
0.9150 5.84685 0.01548
0.9150 6.02139 0.02129
0.9150 6.19592 0.03960

0.9250 0.08727 0.05950
0.9250 0.26180 0.09963
0.9250 0.43633 0.15729
0.9250 0.61087 0.21919
0.9250 0.78540 0.27417
0.9250 0.95993 0.39090
0.9250 1.13446 0.47471
0.9250 1.30900 0.55837
0.9250 1.48353 0.59837
0.9250 1.65806 0.57915
0.9250 1.83260 0.54226
0.9250 2.00713 0.44560
0.9250 2.18166 0.36744
0.9250 2.35619 0.27360
0.9250 2.53073 0.20506
0.9250 2.70526 0.13002
0.9250 2.87979 0.08578
0.9250 3.05433 0.05653
0.9250 3.22886 0.03703
0.9250 3.40339 0.02318
0.9250 3.57792 0.01230
0.9250 3.75246 0.01088
0.9250 3.92699 0.00707
0.9250 4.10152 0.00594
0.9250 4.27606 0.00438
0.9250 4.45059 0.00212
0.9250 4.62512 0.00269
0.9250 4.79966 0.00311
0.9250 4.97419 0.00339
0.9250 5.14872 0.00495
0.9250 5.32325 0.00594
0.9250 5.49779 0.00452
0.9250 5.67232 0.01003
0.9250 5.84685 0.01385
0.9250 6.02139 0.02544
0.9250 6.19592 0.03519

0.9350 0.08727 0.06147
0.9350 0.26180 0.09487
0.9350 0.43633 0.15073
0.9350 0.61087 0.22382
0.9350 0.78540 0.30239
0.9350 0.95993 0.39338
0.9350 1.13446 0.47422
0.9350 1.30900 0.55213
0.9350 1.48353 0.58767
0.9350 1.65806 0.56736
0.9350 1.83260 0.51832
0.9350 2.00713 0.46821
0.9350 2.18166 0.37401
0.9350 2.35619 0.27646
0.9350 2.53073 0.20845
0.9350 2.70526 0.13656
0.9350 2.87979 0.09354
0.9350 3.05433 0.05759
0.9350 3.22886 0.02833
0.9350 3.40339 0.02044
0.9350 3.57792 0.01550
0.9350 3.75246 0.00869
0.9350 3.92699 0.00534
0.9350 4.10152 0.00561
0.9350 4.27606 0.00254
0.9350 4.45059 0.00294
0.9350 4.62512 0.00294
0.9350 4.79966 0.00227
0.9350 4.97419 0.00414
0.9350 5.14872 0.00307
0.9350 5.32325 0.00521
0.9350 5.49779 0.00521
0.9350 5.67232 0.00815
0.9350 5.84685 0.01243
0.9350 6.02139 0.02205
0.9350 6.19592 0.03354

0.9450 0.08727 0.06114
0.9450 0.26180 0.09932
0.9450 0.43633 0.15031
0.9450 0.61087 0.22807
0.9450 0.78540 0.29949
0.9450 0.95993 0.39576
0.9450 1.13446 0.48177
0.9450 1.30900 0.55065
0.9450 1.48353 0.57081
0.9450 1.65806 0.58020
0.9450 1.83260 0.53834
0.9450 2.00713 0.45767
0.9450 2.18166 0.36634
0.9450 2.35619 0.28008
0.9450 2.53073 0.19547
0.9450 2.70526 0.13750
0.9450 2.87979 0.08626
0.9450 3.05433 0.05391
0.9450 3.22886 0.03564
0.9450 3.40339 0.02080
0.9450 3.57792 0.01256
0.9450 3.75246 0.00723
0.9450 3.92699 0.00609
0.9450 4.10152 0.00457
0.9450 4.27606 0.00342
0.9450 4.45059 0.00317
0.9450 4.62512 0.00368
0.9450 4.79966 0.00419
0.9450 4.97419 0.00406
0.9450 5.14872 0.00317
0.9450 5.32325 0.00419
0.9450 5.49779 0.00469
0.9450 5.67232 0.00825
0.9450 5.84685 0.01484
0.9450 6.02139 0.02220
0.9450 6.19592 0.03374

0.9550 0.08727 0.05452
0.9550 0.26180 0.09364
0.9550 0.43633 0.13888
0.9550 0.61087 0.21577
0.9550 0.78540 0.29084
0.9550 0.95993 0.38937
0.9550 1.13446 0.48717
0.9550 1.30900 0.54537
0.9550 1.48353 0.57141
0.9550 1.65806 0.59524
0.9550 1.83260 0.54060
0.9550 2.00713 0.45172
0.9550 2.18166 0.37788
0.9550 2.35619 0.28008
0.9550 2.53073 0.20428
0.9550 2.70526 0.14450
0.9550 2.87979 0.09646
0.9550 3.05433 0.05734
0.9550 3.22886 0.03521
0.9550 3.40339 0.02164
0.9550 3.57792 0.01174
0.9550 3.75246 0.00587
0.9550 3.92699 0.00526
0.9550 4.10152 0.00416
0.9550 4.27606 0.00355
0.9550 4.45059 0.00293
0.9550 4.62512 0.00269
0.9550 4.79966 0.00208
0.9550 4.97419 0.00318
0.9550 5.14872 0.00379
0.9550 5.32325 0.00477
0.9550 5.49779 0.00403
0.9550 5.67232 0.01002
0.9550 5.84685 0.01479
0.9550 6.02139 0.02298
0.9550 6.19592 0.03582

0.9650 0.08727 0.06012
0.9650 0.26180 0.08990
0.9650 0.43633 0.14191
0.9650 0.61087 0.21571
0.9650 0.78540 0.29298
0.9650 0.95993 0.37141
0.9650 1.13446 0.46513
0.9650 1.30900 0.53695
0.9650 1.48353 0.59407
0.9650 1.65806 0.59082
0.9650 1.83260 0.52873
0.9650 2.00713 0.47741
0.9650 2.18166 0.37523
0.9650 2.35619 0.29587
0.9650 2.53073 0.21571
0.9650 2.70526 0.13461
0.9650 2.87979 0.09164
0.9650 3.05433 0.05688
0.9650 3.22886 0.03290
0.9650 3.40339 0.02132
0.9650 3.57792 0.01193
0.9650 3.75246 0.00730
0.9650 3.92699 0.00417
0.9650 4.10152 0.00324
0.9650 4.27606 0.00324
0.9650 4.45059 0.00417
0.9650 4.62512 0.00452
0.9650 4.79966 0.00348
0.9650 4.97419 0.00359
0.9650 5.14872 0.00429
0.9650 5.32325 0.00487
0.9650 5.49779 0.00544
0.9650 5.67232 0.00973
0.9650 5.84685 0.01471
0.9650 6.02139 0.02201
0.9650 6.19592 0.03360

0.9750 0.08727 0.05647
0.9750 0.26180 0.09271
0.9750 0.43633 0.13587
0.9750 0.61087 0.20337
0.9750 0.78540 0.29154
0.9750 0.95993 0.37840
0.9750 1.13446 0.46862
0.9750 1.30900 0.53656
0.9750 1.48353 0.59000
0.9750 1.65806 0.60373
0.9750 1.83260 0.56555
0.9750 2.00713 0.47857
0.9750 2.18166 0.37505
0.9750 2.35619 0.28786
0.9750 2.53073 0.20348
0.9750 2.70526 0.13814
0.9750 2.87979 0.09703
0.9750 3.05433 0.05355
0.9750 3.22886 0.03180
0.9750 3.40339 0.01590
0.9750 3.57792 0.00941
0.9750 3.75246 0.00595
0.9750 3.92699 0.00325
0.9750 4.10152 0.00292
0.9750 4.27606 0.00184
0.9750 4.45059 0.00162
0.9750 4.62512 0.00260
0.9750 4.79966 0.00335
0.9750 4.97419 0.00368
0.9750 5.14872 0.00325
0.9750 5.32325 0.00433
0.9750 5.49779 0.00660
0.9750 5.67232 0.00790
0.9750 5.84685 0.01341
0.9750 6.02139 0.01969
0.9750 6.19592 0.03559

0.9850 0.08727 0.06306
0.9850 0.26180 0.08952
0.9850 0.43633 0.14273
0.9850 0.61087 0.21861
0.9850 0.78540 0.29049
0.9850 0.95993 0.37365
0.9850 1.13446 0.45332
0.9850 1.30900 0.54632
0.9850 1.48353 0.59574
0.9850 1.65806 0.61287
0.9850 1.83260 0.54622
0.9850 2.00713 0.47167
0.9850 2.18166 0.37713
0.9850 2.35619 0.28085
0.9850 2.53073 0.20487
0.9850 2.70526 0.14242
0.9850 2.87979 0.08603
0.9850 3.05433 0.05804
0.9850 3.22886 0.03291
0.9850 3.40339 0.01702
0.9850 3.57792 0.01025
0.9850 3.75246 0.00564
0.9850 3.92699 0.00441
0.9850 4.10152 0.00226
0.9850 4.27606 0.00215
0.9850 4.45059 0.00144
0.9850 4.62512 0.00103
0.9850 4.79966 0.00226
0.9850 4.97419 0.00328
0.9850 5.14872 0.00154
0.9850 5.32325 0.00318
0.9850 5.49779 0.00759
0.9850 5.67232 0.00708
0.9850 5.84685 0.01374
0.9850 6.02139 0.02215
0.9850 6.19592 0.03814

0.9950 0.08727 0.06233
0.9950 0.26180 0.09724
0.9950 0.43633 0.15027
0.9950 0.61087 0.20254
0.9950 0.78540 0.27868
0.9950 0.95993 0.36892
0.9950 1.13446 0.46147
0.9950 1.30900 0.54451
0.9950 1.48353 0.58364
0.9950 1.65806 0.59659
0.9950 1.83260 0.55084
0.9950 2.00713 0.46271
0.9950 2.18166 0.38772
0.9950 2.35619 0.29288
0.9950 2.53073 0.21779
0.9950 2.70526 0.14327
0.9950 2.87979 0.09561
0.9950 3.05433 0.05831
0.9950 3.22886 0.03577
0.9950 3.40339 0.02043
0.9950 3.57792 0.01112
0.9950 3.75246 0.00671
0.9950 3.92699 0.00221
0.9950 4.10152 0.00364
0.9950 4.27606 0.00278
0.9950 4.45059 0.00240
0.9950 4.62512 0.00240
0.9950 4.79966 0.00134
0.9950 4.97419 0.00307
0.9950 5.14872 0.00211
0.9950 5.32325 0.00288
0.9950 5.49779 0.00451
0.9950 5.67232 0.00825
0.9950 5.84685 0.01132
0.9950 6.02139 0.01889
0.9950 6.19592 0.03443

